   3791999998597.8608     
   34759934516078.867     
   66359382662158.422     
   97957902150907.312     
   129555050952422.94     
   161150387253512.03     
   192743469527446.38     
   224333856603593.03     
   255921107736888.69     
   287504782677128.00     
   319084441738036.06     
   350659645866094.56     
   382229956709092.56     
   413794936684371.44     
   445354149046736.56     
   476907157956004.88     
   508453528544160.56     
   539992826982091.38     
   571524620545875.88     
   603048477682596.00     
   634563968075645.62     
   666070662709511.75     
   697568133933997.38     
   729055955527864.88     
   760533702761871.25     
   792000952461172.25     
   823457283067069.50     
   854902274698079.38     
   886335509210297.00     
   917756570257035.75     
   949165043347718.25     
   980560515905997.88     
   1011942577327090.6     
   1043310819034296.6     
   1074664834534690.8     
   1106004219473964.2     
   1137328571690401.0     
   1168637491267965.2     
   1199930580588491.5     
   1231207444382952.5     
   1262467689781796.8     
   1293710926364334.8     
   1324936766207164.0     
   1356144823931618.5     
   1387334716750226.8     
   1418506064512171.8     
   1449658489747736.2     
   1480791617711726.8     
   1511905076425865.2     
   1542998496720136.8     
   1574071512273090.2     
   1605123759651077.8     
   1636154878346433.0     
   1667164510814575.0     
   1698152302510036.8     
   1729117901921414.0     
   1760060960605225.2     
   1790981133218686.0     
   1821878077551389.0     
   1852751454555891.8     
   1883600928377209.5     
   1914426166381209.8     
   1945226839181914.8     
   1976002620667706.0     
   2006753188026434.2     
   2037478221769440.2     
   2068177405754482.0     
   2098850427207579.0     
   2129496976743769.5     
   2160116748386794.0     
   2190709439587699.2     
   2221274751242378.5     
   2251812387708046.5     
   2282322056818659.0     
   2312803469899283.5     
   2343256341779427.0     
   2373680390805331.5     
   2404075338851243.5     
   2434440911329668.0     
   2464776837200612.0     
   2495082848979835.5     
   2525358682746111.5     
   2555604078147510.0     
   2585818778406720.5     
   2616002530325411.5     
   2646155084287656.0     
   2676276194262421.5     
   2706365617805140.5     
   2736423116058382.0     
   2766448453751619.5     
   2796441399200128.5     
   2826401724303013.5     
   2856329204540382.0     
   2886223618969681.5     
   2916084750221210.0     
   2945912384492818.0     
   2975706311543812.0     
   3005466324688081.0     
   3035192220786451.0     
   3064883800238293.0     
   3094540866972390.5     
   3389158481151116.5     
   3680137828912904.0     
   3967338743783225.5     
   4250652693886979.0     
   4530000488801419.0     
   4805329735860573.0     
   5076612166281378.0     
   5343840931752603.0     
   5607027951678602.0     
   5866201371682457.0     
   6121403176285307.0     
   6372686983461774.0     
   6620116036231498.0     
   6863761396530172.0     
   7103700339090167.0     
   7340014937640528.0     
   7572790832064239.0     
   7802116162886658.0     
   8028080658299884.0     
   8250774858580240.0     
   8470289463000936.0     
   8686714784993660.0     
   8900140302225177.0     
   9110654289316768.0     
   9318343522062546.0     
   9523293043138478.0     
   9725585980396290.0     
   9925303409879018.0     
   10122524256661848.     
   10317325227505090.     
   10509780770103194.     
   10699963054426048.     
   10887941972280178.     
   11073785151773456.     
   11257557983853550.     
   11439323658514342.     
   11619143208632200.     
   11797075559711828.     
   11973177584095028.     
   12147504158420776.     
   12320108223326180.     
   12491040844549840.     
   12660351274745524.     
   12828087015438558.     
   12994293878662938.     
   13159016047906404.     
   13322296138066148.     
   13484175254181226.     
   13644693048761008.     
   13803887777573556.     
   13961796353794952.     
   14118454400451518.     
   14273896301112330.     
   14428155248810496.     
   14581263293188746.     
   14733251385878940.     
   14884149424136194.     
   15033986292757318.     
   15182789904320186.     
   15330587237786106.     
   15477404375511212.     
   15623266538715870.     
   15768198121463014.     
   15912222723197594.     
   16055363179899862.     
   16197641593905306.     
   16339079362443680.     
   16479697204948928.     
   16619515189190820.     
   16758552756277978.     
   16896828744580670.     
   17034361412620310.     
   17171168460971096.     
   17307267053217636.     
   17442673836010846.     
   17577404958262748.     
   17711476089519222.     
   17844902437548120.     
   17977698765178622.     
   18109879406426144.     
   18241458281935604.     
   18372448913774364.     
   18502864439604816.     
   18632717626265100.     
   18762020882785248.     
   18890786272864620.     
   19019025526835456.     
   19146750053136024.     
   19273970949315852.     
   19400699012594368.     
   20027401085762680.     
   20643232545880940.     
   21249261379941884.     
   21846428317732048.     
   22435565285182800.     
   23017410703208320.     
   23592622242745284.     
   24161787517218860.     
   24725433093416816.     
   25284032123915332.     
   25838010843520756.     
   26387754124676872.     
   26933610249402412.     
   27475895025762640.     
   28014895353387348.     
   28550872323785140.     
   29084063926144524.     
   29614687417166120.     
   30142941403627080.     
   30669007678364968.     
   31193052843814764.     
   31715229751849452.     
   32235678784234504.     
   32754528994329260.     
   33271899127610392.     
   33787898536040596.     
   34302627999167616.     
   34816180463041160.     
   35328641706518876.     
   35840090943248864.     
   36350601366526184.     
   36860240643292136.     
   37369071362751560.     
   37877151444403464.     
   38384534509695656.     
   38891270221010240.     
   39397404591251592.     
   39902980266930864.     
   40408036787313384.     
   40912610821909680.     
   41416736388341616.     
   41920445052396672.     
   42423766111892192.     
   42926726765802696.     
   43429352269955208.     
   43931666080466232.     
   44433689985978096.     
   44935444229649320.     
   45436947621762200.     
   45938217643729208.     
   46439270544207160.     
   46940121427962952.     
   47440784338076472.     
   47941272332013864.     
   48441597552057600.     
   48941771290537080.     
   49441804050265640.     
   49941705600555216.     
   50441485029148672.     
   50941150790381600.     
   51440710749859696.     
   51940172225914504.     
   52439542028079128.     
   52938826492806152.     
   53438031516632432.     
   53937162586979272.     
   54436224810761864.     
   54935222940968280.     
   55434161401356088.     
   55933044309403400.     
   56431875497640488.     
   56930658533479040.     
   57429396737646864.     
   57928093201328224.     
   58426750802102264.     
   58925372218765208.     
   59423959945115944.     
   59922516302778312.     
   60421043453128616.     
   60919543408391472.     
   61418018041962656.     
   61916469098013592.     
   62414898200427768.     
   62913306861116256.     
   63411696487755696.     
   63910068390989232.     
   64408423791128112.     
   64906763824388608.     
   65405089548696968.     
   65903401949092264.     
   66401701942755288.     
   66899990383689600.     
   67398268067078696.     
   67896535733342080.     
   68394794071910920.     
   68893043724742840.     
   69391285289594048.     
   69889519323065416.     
   70387746343438368.     
   70885966833315008.     
   71384181242076048.     
   71882389988169280.     
   72380593461240080.     
   72878792024115104.     
   73376986014649168.     
   73875175747444768.     
   74373361515453200.     
   74871543591465168.     
   75369722229498832.     
   75867897666092144.     
   76366070121506128.     
   76864239800845408.     
   77362406895101328.     
   77860571582123456.     
   78358734027524032.     
   78856894385520192.     
   79355052799718256.     
   79853209403843856.     
   80351364322422000.     
   80849517671410128.     
   81347669558787728.     
   81845820085105312.     
   82343969343995568.     
   82842117422649440.     
   83340264402259248.     
   83838410358431568.     
   84336555361571456.     
   84834699477240368.     
   85332842766489456.     
   85830985286169776.     
   86329127089221376.     
   86827268224942320.     
   87325408739239248.     
   87823548674860704.     
   88321688071614416.     
   88819826966569648.     
   89317965394245536.     
   89816103386786576.     
   90314240974125936.     
   90812378184137648.     
   91310515042778256.     
   91808651574218656.     
   92306787800967040.     
   92804923743983200.     
   93303059422785088.     
   93801194855548032.     
   94299330059196992.     
   94797465049492720.     
   95295599841111744.     
   95793734447720960.     
   96291868882047152.     
   96790003155941600.     
   97288137280440368.     
   97786271265820304.     
   98284405121651312.     
   98782538856845024.     
   99280672479700016.     
   99778805997943984.     
   1.0027693941877307E+017
   1.0077507274888842E+017
   1.0127320599453013E+017
   1.0177133916150907E+017
   1.0226947225523643E+017
   1.0276760528075115E+017
   1.0326573824274549E+017
   1.0376387114558899E+017
   1.0426200399335061E+017
   1.0476013678981936E+017
   1.0525826953852363E+017
   1.0575640224274912E+017
   1.0625453490555550E+017
   1.0675266752979194E+017
   1.0725080011811163E+017
   1.0774893267298528E+017
   1.0824706519671360E+017
   1.0874519769143902E+017
   1.0924333015915666E+017
   1.0974146260172437E+017
   1.1023959502087216E+017
   1.1073772741821107E+017
   1.2070037299201766E+017
   1.3066301588323926E+017
   1.4062565812952746E+017
   1.5058830022076397E+017
   1.6055094227472374E+017
   1.7051358431972163E+017
   1.8047622636256490E+017
   1.9043886840489024E+017
   2.0040151044709101E+017
   2.1036415248926186E+017
   2.2032679453142550E+017
   2.3028943657358742E+017
   2.4025207861574893E+017
   2.5021472065791034E+017
   2.6017736270007171E+017
   2.7014000474223309E+017
   2.8010264678439446E+017
   2.9006528882655584E+017
   3.0002793086871718E+017
   3.0999057291087853E+017
   3.1995321495303987E+017
   3.2991585699520122E+017
   3.3987849903736262E+017
   3.4984114107952397E+017
   3.5980378312168531E+017
   3.6976642516384666E+017
   3.7972906720600806E+017
   3.8969170924816941E+017
   3.9965435129033082E+017
   4.0961699333249216E+017
   4.1957963537465357E+017
   4.2954227741681491E+017
   4.3950491945897632E+017
   4.4946756150113766E+017
   4.5943020354329907E+017
   4.6939284558546042E+017
   4.7935548762762176E+017
   4.8931812966978310E+017
   4.9928077171194445E+017
   5.0924341375410579E+017
   5.1920605579626714E+017
   5.2916869783842848E+017
   5.3913133988058982E+017
   5.4909398192275117E+017
   5.5905662396491251E+017
   5.6901926600707386E+017
   5.7898190804923520E+017
   5.8894455009139648E+017
   5.9890719213355776E+017
   6.0886983417571904E+017
   6.1883247621788032E+017
   6.2879511826004160E+017
   6.3875776030220288E+017
   6.4872040234436416E+017
   6.5868304438652544E+017
   6.6864568642868672E+017
   6.7860832847084800E+017
   6.8857097051300941E+017
   6.9853361255517069E+017
   7.0849625459733197E+017
   7.1845889663949350E+017
   7.2842153868165478E+017
   7.3838418072381606E+017
   7.4834682276597734E+017
   7.5830946480813888E+017
   7.6827210685030016E+017
   7.7823474889246144E+017
   7.8819739093462272E+017
   7.9816003297678426E+017
   8.0812267501894554E+017
   8.1808531706110682E+017
   8.2804795910326810E+017
   8.3801060114542963E+017
   8.4797324318759117E+017
   8.5793588522975245E+017
   8.6789852727191373E+017
   8.7786116931407501E+017
   8.8782381135623654E+017
   8.9778645339839782E+017
   9.0774909544055910E+017
   9.1771173748272038E+017
   9.2767437952488192E+017
   9.3763702156704320E+017
   9.4759966360920448E+017
   9.5756230565136576E+017
   9.6752494769352730E+017
   9.7748758973568858E+017
   9.8745023177784986E+017
   9.9741287382001114E+017
   1.0073755158621724E+018
   1.1070019362837860E+018
   1.2066283567053996E+018
   1.3062547771270134E+018
   1.4058811975486269E+018
   1.5055076179702405E+018
   1.6051340383918541E+018
   1.7047604588134676E+018
   1.8043868792350812E+018
   1.9040132996566948E+018
   2.0036397200783084E+018
   2.1032661404999219E+018
   2.2028925609215355E+018
   2.3025189813431493E+018
   2.4021454017647626E+018
   2.5017718221863762E+018
   2.6013982426079898E+018
   2.7010246630296038E+018
   2.8006510834512179E+018
   2.9002775038728315E+018
   2.9999039242944451E+018
   3.0995303447160586E+018
   3.1991567651376722E+018
   3.2987831855592858E+018
   3.3984096059808993E+018
   3.4980360264025129E+018
   3.5976624468241265E+018
   3.6972888672457405E+018
   3.7969152876673541E+018
   3.8965417080889677E+018
   3.9961681285105812E+018
   4.0957945489321948E+018
   4.1954209693538084E+018
   4.2950473897754220E+018
   4.3946738101970355E+018
   4.4943002306186491E+018
   4.5939266510402627E+018
   4.6935530714618757E+018
   4.7931794918834903E+018
   4.8928059123051039E+018
   4.9924323327267174E+018
   5.0920587531483310E+018
   5.1916851735699446E+018
   5.2913115939915581E+018
   5.3909380144131717E+018
   5.4905644348347853E+018
   5.5901908552563988E+018
   5.6898172756780134E+018
   5.7894436960996260E+018
   5.8890701165212406E+018
   5.9886965369428531E+018
   6.0883229573644677E+018
   6.1879493777860803E+018
   6.2875757982076948E+018
   6.3872022186293074E+018
   6.4868286390509199E+018
   6.5864550594725345E+018
   6.6860814798941471E+018
   6.7857079003157617E+018
   6.8853343207373742E+018
   6.9849607411589888E+018
   7.0845871615806013E+018
   7.1842135820022159E+018
   7.2838400024238285E+018
   7.3834664228454431E+018
   7.4830928432670577E+018
   7.5827192636886702E+018
   7.6823456841102848E+018
   7.7819721045318973E+018
   7.8815985249535119E+018
   7.9812249453751245E+018
   8.0808513657967391E+018
   8.1804777862183516E+018
   8.2801042066399662E+018
   8.3797306270615788E+018
   8.4793570474831933E+018
   8.5789834679048079E+018
   8.6786098883264205E+018
   8.7782363087480351E+018
   8.8778627291696476E+018
   8.9774891495912622E+018
   9.0771155700128748E+018
   9.1767419904344893E+018
   9.2763684108561019E+018
   9.3759948312777155E+018
   9.4756212516993290E+018
   9.5752476721209426E+018
   9.6748740925425562E+018
   9.7745005129641697E+018
   9.8741269333857833E+018
   9.9737533538073969E+018
   3475987464653.0645     
   38220798190701.672     
   72910787306446.531     
   107496997223216.17     
   141932081543855.31     
   176170984416278.19     
   210171526671672.41     
   243894880698453.06     
   277305923978706.53     
   310373469104796.94     
   343070375142056.50     
   375373550870388.56     
   407263864440986.00     
   438725976284940.81     
   469748112862265.94     
   500321798322728.06     
   530441559701982.12     
   560104619237387.62     
   589310585059130.88     
   618061149135540.25     
   646359799101599.00     
   674211548588330.25     
   701622688956350.38     
   728600563937008.38     
   755153367588151.12     
   781289965149981.50     
   807019735801819.00     
   832352435932023.75     
   857298081301286.25     
   881866846368004.75     
   906068979022528.50     
   929914729018879.00     
   953414288477462.75     
   976577742944119.25     
   999415031617388.38     
   1021935915488172.2     
   1044149952267659.5     
   1066066477106161.6     
   1087694588224665.1     
   1109043136690821.8     
   1130120719671087.2     
   1150935676580606.0     
   1171496087632513.2     
   1191809774359099.2     
   1211884301739421.5     
   1231726981622233.0     
   1251344877180250.5     
   1270744808172628.0     
   1289933356827702.5     
   1308916874188348.2     
   1327701486788220.2     
   1346293103549334.8     
   1364697422810346.5     
   1382919939410953.8     
   1400965951771510.2     
   1418840568918466.8     
   1436548717416016.8     
   1454095148172535.8     
   1471484443097297.8     
   1488721021588734.5     
   1505809146840323.8     
   1522752931954204.2     
   1539556345855943.0     
   1556223219006612.0     
   1572757248910583.5     
   1589162005419281.2     
   1605440935832595.8     
   1621597369800860.8     
   1637634524031213.2     
   1653555506802888.5     
   1669363322296547.2     
   1685060874743140.2     
   1700650972398100.5     
   1716136331346836.8     
   1731519579147606.0     
   1746803258317882.8     
   1761989829670321.2     
   1777081675504348.0     
   1792081102659327.0     
   1806990345435113.8     
   1821811568385672.8     
   1836546868991272.0     
   1851198280214594.8     
   1865767772945932.2     
   1880257258342431.0     
   1894668590066187.0     
   1909003566425786.2     
   1923263932425706.0     
   1937451381727806.5     
   1951567558528959.5     
   1965614059358685.0     
   1979592434800494.0     
   1993504191140465.5     
   2007350791946427.2     
   2021133659580950.8     
   2034854176651222.2     
   2048513687398705.8     
   2062113499031376.0     
   2075654883001164.5     
   2089139076229139.8     
   2102567282280816.2     
   2234095367138069.2     
   2361118451069059.5     
   2484437032810966.5     
   2604681825193176.0     
   2722356731334380.5     
   2837869208297339.0     
   2951552164154633.5     
   3063680048953553.5     
   3174480883548638.0     
   3284145393160086.5     
   3392834041619019.5     
   3500682519142403.0     
   3607806074115231.5     
   3714302969007477.5     
   3820257264319538.0     
   3925741080977310.5     
   4030816453555089.0     
   4135536859278361.0     
   4239948487740098.5     
   4344091301481742.0     
   4447999926554155.5     
   4551704403849300.0     
   4655230825652184.0     
   4758601876987152.0     
   4861837297550437.0     
   4964954277062087.0     
   5067967794536652.0     
   5170890910117184.0     
   5273735016631776.0     
   5376510056834135.0     
   5479224711317249.0     
   5581886561294746.0     
   5684502229791469.0     
   5787077504244958.0     
   5889617443070877.0     
   5992126468370750.0     
   6094608446645970.0     
   6197066759117161.0     
   6299504363023875.0     
   6401923845089387.0     
   6504327468173298.0     
   6606717211996263.0     
   6709094808702565.0     
   6811461773924467.0     
   6913819433924657.0     
   7016168949317558.0     
   7118511335805027.0     
   7220847482305523.0     
   7323178166806923.0     
   7425504070230759.0     
   7527825788558793.0     
   7630143843440879.0     
   7732458691475169.0     
   7834770732327516.0     
   7937080315835759.0     
   8039387748226222.0     
   8141693297553659.0     
   8243997198461883.0     
   8346299656350079.0     
   8448600851019143.0     
   8550900939863038.0     
   8653200060662025.0     
   8755498334027480.0     
   8857795865541828.0     
   8960092747631628.0     
   9062389061207132.0     
   9164684877097434.0     
   9266980257306722.0     
   9369275256113948.0     
   9471569921035432.0     
   9573864293667498.0     
   9676158410424100.0     
   9778452303182526.0     
   9880745999848632.0     
   9983039524851658.0     
   10085332899577370.     
   10187626142747250.     
   10289919270750424.     
   10392212297934242.     
   10494505236858654.     
   10596798098518890.     
   10699090892540394.     
   10801383627349478.     
   10903676310322710.     
   11005968947917698.     
   11108261545787566.     
   11210554108881178.     
   11312846641530880.     
   11415139147529304.     
   11517431630196600.     
   12028893803168314.     
   12540355694642406.     
   13051817441384756.     
   13563279113713384.     
   14074740747782244.     
   14586202362179860.     
   15097663966463516.     
   15609125565547088.     
   16120587161957034.     
   16632048756992338.     
   17143510351320874.     
   17654971945286020.     
   18166433539064336.     
   18677895132746588.     
   19189356726379448.     
   19700818319986916.     
   20212279913581328.     
   20723741507169028.     
   21235203100753276.     
   21746664694335752.     
   22258126287917312.     
   22769587881498404.     
   23281049475079252.     
   23792511068659980.     
   24303972662240640.     
   24815434255821268.     
   25326895849401880.     
   25838357442982484.     
   26349819036563088.     
   26861280630143692.     
   27372742223724288.     
   27884203817304884.     
   28395665410885480.     
   28907127004466076.     
   29418588598046676.     
   29930050191627276.     
   30441511785207872.     
   30952973378788468.     
   31464434972369064.     
   31975896565949660.     
   32487358159530260.     
   32998819753110860.     
   33510281346691456.     
   34021742940272052.     
   34533204533852648.     
   35044666127433244.     
   35556127721013844.     
   36067589314594440.     
   36579050908175032.     
   37090512501755624.     
   37601974095336216.     
   38113435688916808.     
   38624897282497408.     
   39136358876078000.     
   39647820469658592.     
   40159282063239184.     
   40670743656819776.     
   41182205250400368.     
   41693666843980960.     
   42205128437561552.     
   42716590031142144.     
   43228051624722736.     
   43739513218303328.     
   44250974811883928.     
   44762436405464520.     
   45273897999045112.     
   45785359592625704.     
   46296821186206304.     
   46808282779786896.     
   47319744373367496.     
   47831205966948088.     
   48342667560528688.     
   48854129154109288.     
   49365590747689880.     
   49877052341270480.     
   50388513934851072.     
   50899975528431672.     
   51411437122012272.     
   51922898715592864.     
   52434360309173464.     
   52945821902754056.     
   53457283496334656.     
   53968745089915248.     
   54480206683495840.     
   54991668277076440.     
   55503129870657032.     
   56014591464237632.     
   56526053057818224.     
   57037514651398816.     
   57548976244979416.     
   58060437838560008.     
   58571899432140608.     
   59083361025721200.     
   59594822619301792.     
   60106284212882392.     
   60617745806462984.     
   61129207400043584.     
   61640668993624176.     
   62152130587204768.     
   62663592180785368.     
   63175053774365960.     
   63686515367946560.     
   64197976961527152.     
   64709438555107744.     
   65220900148688344.     
   65732361742268936.     
   66243823335849536.     
   66755284929430136.     
   67266746523010736.     
   67778208116591336.     
   68289669710171928.     
   68801131303752528.     
   69312592897333120.     
   69824054490913720.     
   70335516084494320.     
   70846977678074912.     
   71358439271655512.     
   71869900865236104.     
   72381362458816704.     
   72892824052397296.     
   73404285645977888.     
   73915747239558480.     
   74427208833139072.     
   74938670426719664.     
   75450132020300256.     
   75961593613880848.     
   76473055207461440.     
   76984516801042032.     
   77495978394622624.     
   78007439988203216.     
   78518901581783808.     
   79030363175364400.     
   79541824768944992.     
   80053286362525584.     
   80564747956106176.     
   81076209549686768.     
   81587671143267360.     
   82099132736847952.     
   82610594330428544.     
   83122055924009136.     
   83633517517589728.     
   84144979111170320.     
   84656440704750912.     
   85167902298331504.     
   85679363891912096.     
   86190825485492688.     
   86702287079073280.     
   87213748672653872.     
   87725210266234464.     
   88236671859815056.     
   88748133453395648.     
   89259595046976240.     
   89771056640556832.     
   90282518234137424.     
   90793979827718016.     
   91305441421298608.     
   91816903014879216.     
   92328364608459808.     
   92839826202040400.     
   93351287795621008.     
   93862749389201616.     
   94374210982782208.     
   94885672576362800.     
   95397134169943408.     
   95908595763524000.     
   96420057357104592.     
   96931518950685200.     
   97442980544265808.     
   95259250013590320.     
   95757382115698384.     
   96255514217806464.     
   96753646319914528.     
   97251778422022592.     
   97749910524130672.     
   98248042626238752.     
   98746174728346816.     
   99244306830454880.     
   99742438932562960.     
   1.0024057103467102E+017
   1.0073870313677909E+017
   1.1070134517894045E+017
   1.2066398722110181E+017
   1.3062662926326317E+017
   1.4058927130542453E+017
   1.5055191334758589E+017
   1.6051455538974726E+017
   1.7047719743190858E+017
   1.8043983947406995E+017
   1.9040248151623133E+017
   2.0036512355839270E+017
   2.1032776560055408E+017
   2.2029040764271546E+017
   2.3025304968487683E+017
   2.4021569172703821E+017
   2.5017833376919958E+017
   2.6014097581136096E+017
   2.7010361785352234E+017
   2.8006625989568371E+017
   2.9002890193784506E+017
   2.9999154398000640E+017
   3.0995418602216774E+017
   3.1991682806432909E+017
   3.2987947010649050E+017
   3.3984211214865184E+017
   3.4980475419081318E+017
   3.5976739623297453E+017
   3.6973003827513594E+017
   3.7969268031729728E+017
   3.8965532235945869E+017
   3.9961796440162003E+017
   4.0958060644378144E+017
   4.1954324848594278E+017
   4.2950589052810419E+017
   4.3946853257026554E+017
   4.4943117461242694E+017
   4.5939381665458829E+017
   4.6935645869674963E+017
   4.7931910073891098E+017
   4.8928174278107232E+017
   4.9924438482323366E+017
   5.0920702686539501E+017
   5.1916966890755635E+017
   5.2913231094971770E+017
   5.3909495299187904E+017
   5.4905759503404038E+017
   5.5902023707620173E+017
   5.6898287911836307E+017
   5.7894552116052442E+017
   5.8890816320268570E+017
   5.9887080524484698E+017
   6.0883344728700826E+017
   6.1879608932916954E+017
   6.2875873137133082E+017
   6.3872137341349210E+017
   6.4868401545565338E+017
   6.5864665749781466E+017
   6.6860929953997594E+017
   6.7857194158213734E+017
   6.8853458362429862E+017
   6.9849722566645990E+017
   7.0845986770862144E+017
   7.1842250975078272E+017
   7.2838515179294400E+017
   7.3834779383510528E+017
   7.4831043587726682E+017
   7.5827307791942810E+017
   7.6823571996158938E+017
   7.7819836200375066E+017
   7.8816100404591219E+017
   7.9812364608807347E+017
   8.0808628813023475E+017
   8.1804893017239603E+017
   8.2801157221455757E+017
   8.3797421425671910E+017
   8.4793685629888038E+017
   8.5789949834104166E+017
   8.6786214038320294E+017
   8.7782478242536448E+017
   8.8778742446752576E+017
   8.9775006650968704E+017
   9.0771270855184832E+017
   9.1767535059400986E+017
   9.2763799263617114E+017
   9.3760063467833242E+017
   9.4756327672049370E+017
   9.5752591876265523E+017
   9.6748856080481651E+017
   9.7745120284697779E+017
   9.8741384488913907E+017
   9.9737648693130035E+017
   1.0970029073529139E+018
   1.1966293277745275E+018
   1.2962557481961411E+018
   1.3958821686177546E+018
   1.4955085890393682E+018
   1.5951350094609818E+018
   1.6947614298825953E+018
   1.7943878503042089E+018
   1.8940142707258225E+018
   1.9936406911474360E+018
   2.0932671115690496E+018
   2.1928935319906632E+018
   2.2925199524122770E+018
   2.3921463728338903E+018
   2.4917727932555039E+018
   2.5913992136771174E+018
   2.6910256340987315E+018
   2.7906520545203456E+018
   2.8902784749419592E+018
   2.9899048953635727E+018
   3.0895313157851863E+018
   3.1891577362067999E+018
   3.2887841566284134E+018
   3.3884105770500270E+018
   3.4880369974716406E+018
   3.5876634178932541E+018
   3.6872898383148682E+018
   3.7869162587364818E+018
   3.8865426791580954E+018
   3.9861690995797089E+018
   4.0857955200013225E+018
   4.1854219404229361E+018
   4.2850483608445496E+018
   4.3846747812661632E+018
   4.4843012016877768E+018
   4.5839276221093903E+018
   4.6835540425310034E+018
   4.7831804629526180E+018
   4.8828068833742316E+018
   4.9824333037958451E+018
   5.0820597242174587E+018
   5.1816861446390723E+018
   5.2813125650606858E+018
   5.3809389854822994E+018
   5.4805654059039130E+018
   5.5801918263255265E+018
   5.6798182467471411E+018
   5.7794446671687537E+018
   5.8790710875903683E+018
   5.9786975080119808E+018
   6.0783239284335954E+018
   6.1779503488552079E+018
   6.2775767692768225E+018
   6.3772031896984351E+018
   6.4768296101200476E+018
   6.5764560305416622E+018
   6.6760824509632748E+018
   6.7757088713848893E+018
   6.8753352918065019E+018
   6.9749617122281165E+018
   7.0745881326497290E+018
   7.1742145530713436E+018
   7.2738409734929562E+018
   7.3734673939145708E+018
   7.4730938143361853E+018
   7.5727202347577979E+018
   7.6723466551794125E+018
   7.7719730756010250E+018
   7.8715994960226396E+018
   7.9712259164442522E+018
   8.0708523368658668E+018
   8.1704787572874793E+018
   8.2701051777090939E+018
   8.3697315981307064E+018
   8.4693580185523210E+018
   8.5689844389739356E+018
   8.6686108593955482E+018
   8.7682372798171628E+018
   8.8678637002387753E+018
   8.9674901206603899E+018
   9.0671165410820024E+018
   9.1667429615036170E+018
   9.2663693819252306E+018
   9.3659958023468442E+018
   9.4656222227684577E+018
   9.5652486431900713E+018
   9.6648750636116849E+018
   9.7645014840332984E+018
   9.8641279044549120E+018
   9.9637543248765256E+018
   3791985978831.0234     
   41694994538117.570     
   79536687061859.938     
   117262315071776.31     
   154818947940138.31     
   192156238468500.72     
   229227082411991.50     
   265988151537147.50     
   302400288936555.31     
   338428764340811.00     
   374043395197041.62     
   409218545709324.69     
   443933020543589.12     
   478169872452218.44     
   511916143857233.56     
   545162561773828.69     
   577903203750246.62     
   610135150136344.00     
   641858135316374.12     
   673074207825719.12     
   703787406713119.00     
   734003459233346.25     
   763729503023409.12     
   792973834345192.62     
   821745682753944.25     
   850055011640647.88     
   877912343452720.62     
   905328607974410.88     
   932315011800354.88     
   958882927022053.50     
   985043797132413.75     
   1010809058208924.1     
   1036190073538288.0     
   1061198079976417.6     
   1085844144484034.1     
   1110139129429849.8     
   1134093665403473.5     
   1157718130424105.5     
   1181022634565868.0     
   1204017009144588.2     
   1226710799723318.2     
   1249113262294761.8     
   1271233362088460.8     
   1293079774529708.5     
   1314660887946511.2     
   1335984807681387.0     
   1357059361317260.2     
   1377892104772067.8     
   1398490329055742.0     
   1418861067516764.2     
   1439011103434183.8     
   1458946977835480.8     
   1478674997441522.8     
   1498201242657564.5     
   1517531575544262.0     
   1536671647715354.5     
   1555626908119366.5     
   1574402610671682.5     
   1593003821710888.2     
   1611435427259587.0     
   1629702140075153.0     
   1647808506480251.0     
   1665758912966556.8     
   1683557592568083.0     
   1701208631002937.2     
   1718715972584308.8     
   1736083425903065.0     
   1753314669285599.5     
   1770413256031559.8     
   1787382619436852.5     
   1804226077607889.5     
   1820946838073464.0     
   1837548002200925.2     
   1854032569423504.5     
   1870403441285734.5     
   1886663425313925.0     
   1902815238718617.8     
   1918861511935862.2     
   1934804792014029.0     
   1950647545852725.8     
   1966392163300217.0     
   1982040960115547.2     
   1997596180801378.0     
   2013060001313335.0     
   2028434531651447.5     
   2043721818339054.8     
   2058923846794329.5     
   2074042543599361.0     
   2089079778671531.8     
   2104037367341708.0     
   2118917072343574.0     
   2133720605718235.8     
   2148449630638035.8     
   2163105763153336.2     
   2177690573865852.8     
   2192205589531948.8     
   2206652294599142.2     
   2221032132678919.8     
   2235346507958799.2     
   2249596786556447.5     
   2263784297818518.5     
   2402566508176860.5     
   2536280416834875.5     
   2665811380984784.0     
   2791857805847809.0     
   2914978528554140.0     
   3035626266546785.5     
   3154171719054107.0     
   3270921263531295.0     
   3386130174147282.5     
   3500012650933049.5     
   3612749538156441.5     
   3724494341847595.5     
   3835377977063459.5     
   3945512553636816.5     
   4054994425004839.5     
   4163906665700818.5     
   4272321101118965.0     
   4380299982909907.5     
   4487897381289888.5     
   4595160349252371.0     
   4702129901512317.0     
   4808841841848262.0     
   4915327465531675.0     
   5021614158175505.0     
   5127725908182957.0     
   5233683746735164.0     
   5339506126703502.0     
   5445209249847119.0     
   5550807350037963.0     
   5656312938953594.0     
   5761737019623413.0     
   5867089272354386.0     
   5972378216857363.0     
   6077611353813696.0     
   6182795288639634.0     
   6287935839804032.0     
   6393038133718108.0     
   6498106687932637.0     
   6603145484138382.0     
   6708158032262341.0     
   6813147426779207.0     
   6918116396209506.0     
   7023067346648969.0     
   7128002400064614.0     
   7232923427998955.0     
   7337832081242447.0     
   7442729815963884.0     
   7547617916727348.0     
   7652497516771176.0     
   7757369615878152.0     
   7862235096125757.0     
   7967094735770111.0     
   8071949221486393.0     
   8176799159161591.0     
   8281645083411786.0     
   8386487465975505.0     
   8491326723116462.0     
   8596163222153091.0     
   8700997287218225.0     
   8805829204339996.0     
   8910659225924156.0     
   9015487574708532.0     
   9120314447251892.0     
   9225140017012164.0     
   9329964437062412.0     
   9434787842487282.0     
   9539610352497526.0     
   9644432072295838.0     
   9749253094723276.0     
   9854073501712080.0     
   9958893365567688.0     
   10063712750100030.     
   10168531711621854.     
   10273350299829686.     
   10378168558581262.     
   10482986526581584.     
   10587804237988358.     
   10692621722946272.     
   10797439008058498.     
   10902256116802786.     
   11007073069898674.     
   11111889885631530.     
   11216706580138546.     
   11321523167661106.     
   11426339660767526.     
   11531156070549596.     
   11635972406796058.     
   11740788678145680.     
   11845604892222368.     
   11950421055754380.     
   12474501341377518.     
   12998580992043686.     
   13522660302790822.     
   14046739431564906.     
   14570818462921062.     
   15094897442125228.     
   15618976393410200.     
   16143055329748832.     
   16667134258086044.     
   17191213182139752.     
   17715292103900320.     
   18239371024433268.     
   18763449944309020.     
   19287528863832948.     
   19811607783168528.     
   20335686702403280.     
   20859765621584052.     
   21383844540735924.     
   21907923459872328.     
   22432002379000452.     
   22956081298124140.     
   23480160217245456.     
   24004239136365500.     
   24528318055484864.     
   25052396974603860.     
   25576475893722664.     
   26100554812841364.     
   26624633731960008.     
   27148712651078628.     
   27672791570197232.     
   28196870489315820.     
   28720949408434404.     
   29245028327552984.     
   29769107246671564.     
   30293186165790148.     
   30817265084908732.     
   31341344004027312.     
   31865422923145892.     
   32389501842264472.     
   32913580761383052.     
   33437659680501636.     
   33961738599620220.     
   34485817518738800.     
   35009896437857380.     
   35533975356975960.     
   36058054276094536.     
   36582133195213120.     
   37106212114331696.     
   37630291033450272.     
   38154369952568848.     
   38678448871687424.     
   39202527790806000.     
   39726606709924584.     
   40250685629043160.     
   40774764548161736.     
   41298843467280312.     
   41822922386398888.     
   42347001305517464.     
   42871080224636040.     
   43395159143754616.     
   43919238062873192.     
   44443316981991768.     
   44967395901110344.     
   45491474820228928.     
   46015553739347504.     
   46539632658466080.     
   47063711577584656.     
   47587790496703240.     
   48111869415821816.     
   48635948334940400.     
   49160027254058976.     
   49684106173177560.     
   50208185092296144.     
   50732264011414720.     
   51256342930533304.     
   51780421849651880.     
   52304500768770464.     
   52828579687889048.     
   53352658607007624.     
   53876737526126208.     
   54400816445244784.     
   54924895364363368.     
   55448974283481944.     
   55973053202600520.     
   56497132121719104.     
   57021211040837680.     
   57545289959956264.     
   58069368879074840.     
   58593447798193416.     
   59117526717312000.     
   59641605636430576.     
   60165684555549160.     
   60689763474667736.     
   61213842393786312.     
   61737921312904896.     
   62262000232023472.     
   62786079151142056.     
   63310158070260632.     
   63834236989379208.     
   64358315908497792.     
   64882394827616368.     
   65406473746734952.     
   65930552665853528.     
   66454631584972104.     
   66978710504090688.     
   67502789423209264.     
   68026868342327848.     
   68550947261446432.     
   69075026180565016.     
   69599105099683600.     
   70123184018802176.     
   70647262937920760.     
   71171341857039336.     
   71695420776157920.     
   72219499695276496.     
   72743578614395072.     
   73267657533513648.     
   73791736452632224.     
   74315815371750800.     
   74839894290869376.     
   75363973209987952.     
   75888052129106528.     
   76412131048225104.     
   76936209967343680.     
   77460288886462256.     
   77984367805580832.     
   78508446724699408.     
   79032525643817984.     
   79556604562936560.     
   80080683482055136.     
   80604762401173712.     
   81128841320292288.     
   81652920239410864.     
   82176999158529440.     
   82701078077648016.     
   83225156996766592.     
   83749235915885168.     
   84273314835003744.     
   84797393754122320.     
   85321472673240896.     
   85845551592359472.     
   86369630511478048.     
   86893709430596624.     
   87417788349715200.     
   87941867268833776.     
   88465946187952352.     
   88990025107070928.     
   89514104026189504.     
   90038182945308080.     
   90562261864426656.     
   91086340783545232.     
   91610419702663808.     
   92134498621782384.     
   92658577540900960.     
   93182656460019536.     
   93706735379138112.     
   94230814298256704.     
   94754893217375280.     
   95278972136493856.     
   95803051055612448.     
   96327129974731040.     
   96851208893849616.     
   97375287812968192.     
   97899366732086784.     
   98423445651205360.     
   98947524570323936.     
   99471603489442528.     
   99995682408561120.     
   1.0051976132767970E+017
   1.0104384024679827E+017
   1.0156791916591686E+017
   1.0209199808503544E+017
   1.0261607700415402E+017
   1.0314015592327261E+017
   1.0366423484239120E+017
   1.0418831376150978E+017
   1.0471239268062835E+017
   1.0523647159974694E+017
   1.0576055051886552E+017
   1.0628462943798410E+017
   1.1676620782035568E+017
   1.2724778620272726E+017
   1.3772936458509885E+017
   1.4821094296747043E+017
   1.5869252134984202E+017
   1.6917409973221360E+017
   1.7965567811458515E+017
   1.9013725649695677E+017
   2.0061883487932835E+017
   2.1110041326169994E+017
   2.2158199164407152E+017
   2.3206357002644310E+017
   2.4254514840881469E+017
   2.5302672679118627E+017
   2.6350830517355786E+017
   2.7398988355592944E+017
   2.8447146193830102E+017
   2.9495304032067264E+017
   3.0543461870304422E+017
   3.1591619708541581E+017
   3.2639777546778739E+017
   3.3687935385015898E+017
   3.4736093223253062E+017
   3.5784251061490221E+017
   3.6832408899727379E+017
   3.7880566737964531E+017
   3.8928724576201696E+017
   3.9976882414438848E+017
   4.1025040252676013E+017
   4.2073198090913165E+017
   4.3121355929150330E+017
   4.4169513767387482E+017
   4.5217671605624646E+017
   4.6265829443861798E+017
   4.7313987282098963E+017
   4.8362145120336115E+017
   4.9410302958573267E+017
   5.0458460796810419E+017
   5.1506618635047571E+017
   5.2554776473284723E+017
   5.3602934311521875E+017
   5.4651092149759027E+017
   5.5699249987996179E+017
