 0.536801791E+04 0.400298250E+05 0.999997800E-01
 0.533431088E+04 0.403293018E+05 0.109999978E+01
 0.530081550E+04 0.406310191E+05 0.209999978E+01
 0.526753044E+04 0.409349937E+05 0.309999978E+01
 0.523445439E+04 0.412412424E+05 0.409999978E+01
 0.520158603E+04 0.415497822E+05 0.509999978E+01
 0.516892406E+04 0.418606304E+05 0.609999978E+01
 0.513646718E+04 0.421738040E+05 0.709999978E+01
 0.510421411E+04 0.424893207E+05 0.809999978E+01
 0.507216356E+04 0.428071978E+05 0.909999978E+01
 0.504031427E+04 0.431274531E+05 0.100999998E+02
 0.500866496E+04 0.434501044E+05 0.110999998E+02
 0.497721438E+04 0.437751694E+05 0.120999998E+02
 0.494596130E+04 0.441026665E+05 0.130999998E+02
 0.491490445E+04 0.444326136E+05 0.140999998E+02
 0.488404262E+04 0.447650292E+05 0.150999998E+02
 0.485337458E+04 0.450999317E+05 0.160999998E+02
 0.482289911E+04 0.454373397E+05 0.170999998E+02
 0.479261501E+04 0.457772720E+05 0.180999998E+02
 0.476252106E+04 0.461197474E+05 0.190999998E+02
 0.473261608E+04 0.464647850E+05 0.200999998E+02
 0.470289888E+04 0.468124039E+05 0.210999998E+02
 0.467336829E+04 0.471626235E+05 0.220999998E+02
 0.464402312E+04 0.475154633E+05 0.230999998E+02
 0.461486222E+04 0.478709427E+05 0.240999998E+02
 0.458588442E+04 0.482290816E+05 0.250999998E+02
 0.455708859E+04 0.485898998E+05 0.260999998E+02
 0.452847356E+04 0.489534175E+05 0.270999998E+02
 0.450003822E+04 0.493196548E+05 0.280999998E+02
 0.447178144E+04 0.496886320E+05 0.290999998E+02
 0.444370208E+04 0.500603696E+05 0.300999998E+02
 0.441579904E+04 0.504348884E+05 0.310999998E+02
 0.438807121E+04 0.508122090E+05 0.320999998E+02
 0.436051749E+04 0.511923525E+05 0.330999998E+02
 0.433313678E+04 0.515753400E+05 0.340999998E+02
 0.430592801E+04 0.519611928E+05 0.350999998E+02
 0.427889008E+04 0.523499322E+05 0.360999998E+02
 0.425202194E+04 0.527415800E+05 0.370999998E+02
 0.422532250E+04 0.531361578E+05 0.380999998E+02
 0.419879072E+04 0.535336876E+05 0.390999998E+02
 0.417242553E+04 0.539341914E+05 0.400999998E+02
 0.414622590E+04 0.543376915E+05 0.410999998E+02
 0.412019078E+04 0.547442104E+05 0.420999998E+02
 0.409431914E+04 0.551537705E+05 0.430999998E+02
 0.406860996E+04 0.555663948E+05 0.440999998E+02
 0.404306221E+04 0.559821060E+05 0.450999998E+02
 0.401767488E+04 0.564009272E+05 0.460999998E+02
 0.399244697E+04 0.568228819E+05 0.470999998E+02
 0.396737746E+04 0.572479933E+05 0.480999998E+02
 0.394246537E+04 0.576762851E+05 0.490999998E+02
 0.391770972E+04 0.581077811E+05 0.500999998E+02
 0.389310950E+04 0.585425053E+05 0.510999998E+02
 0.386866376E+04 0.589804818E+05 0.520999998E+02
 0.384437152E+04 0.594217350E+05 0.530999998E+02
 0.382023182E+04 0.598662893E+05 0.540999998E+02
 0.379624369E+04 0.603141695E+05 0.550999998E+02
 0.377240620E+04 0.607654004E+05 0.560999998E+02
 0.374871838E+04 0.612200071E+05 0.570999998E+02
 0.372517930E+04 0.616780150E+05 0.580999998E+02
 0.370178803E+04 0.621394493E+05 0.590999998E+02
 0.367854365E+04 0.626043358E+05 0.600999998E+02
 0.365544521E+04 0.630727002E+05 0.610999998E+02
 0.363249182E+04 0.635445686E+05 0.620999998E+02
 0.360968256E+04 0.640199673E+05 0.630999998E+02
 0.358701652E+04 0.644989226E+05 0.640999998E+02
 0.356449281E+04 0.649814611E+05 0.650999998E+02
 0.354211053E+04 0.654676096E+05 0.660999998E+02
 0.351986879E+04 0.659573952E+05 0.670999998E+02
 0.349776672E+04 0.664508450E+05 0.680999998E+02
 0.347580342E+04 0.669479865E+05 0.690999998E+02
 0.345397805E+04 0.674488473E+05 0.700999998E+02
 0.343228971E+04 0.679534552E+05 0.710999998E+02
 0.341073757E+04 0.684618382E+05 0.720999998E+02
 0.338932075E+04 0.689740247E+05 0.730999998E+02
 0.336803842E+04 0.694900429E+05 0.740999998E+02
 0.334688972E+04 0.700099217E+05 0.750999998E+02
 0.332587382E+04 0.705336899E+05 0.760999998E+02
 0.330498988E+04 0.710613765E+05 0.770999998E+02
 0.328423708E+04 0.715930110E+05 0.780999998E+02
 0.326361459E+04 0.721286228E+05 0.790999998E+02
 0.324312160E+04 0.726682417E+05 0.800999998E+02
 0.322275728E+04 0.732118977E+05 0.810999998E+02
 0.320252084E+04 0.737596209E+05 0.820999998E+02
 0.318241146E+04 0.743114419E+05 0.830999998E+02
 0.316242836E+04 0.748673912E+05 0.840999998E+02
 0.314257074E+04 0.754274997E+05 0.850999998E+02
 0.312283780E+04 0.759917987E+05 0.860999998E+02
 0.310322878E+04 0.765603193E+05 0.870999998E+02
 0.308374288E+04 0.771330932E+05 0.880999998E+02
 0.306437934E+04 0.777101523E+05 0.890999998E+02
 0.304513739E+04 0.782915285E+05 0.900999998E+02
 0.302601626E+04 0.788772542E+05 0.910999998E+02
 0.300701520E+04 0.794673619E+05 0.920999998E+02
 0.298813345E+04 0.800618844E+05 0.930999998E+02
 0.296937027E+04 0.806608548E+05 0.940999998E+02
 0.295072490E+04 0.812643062E+05 0.950999998E+02
 0.293219661E+04 0.818722723E+05 0.960999998E+02
 0.291378467E+04 0.824847868E+05 0.970999998E+02
 0.289548833E+04 0.831018837E+05 0.980999998E+02
 0.287730689E+04 0.837235973E+05 0.990999998E+02
 0.285923961E+04 0.843499621E+05 0.100100000E+03
 0.268469041E+04 0.908772156E+05 0.110100000E+03
 0.252079698E+04 0.979095675E+05 0.120100000E+03
 0.236690883E+04 0.105486104E+06 0.130100000E+03
 0.222241515E+04 0.113648935E+06 0.140100000E+03
 0.208674244E+04 0.122443431E+06 0.150100000E+03
 0.195935220E+04 0.131918472E+06 0.160100000E+03
 0.183973880E+04 0.142126720E+06 0.170100000E+03
 0.172742749E+04 0.153124912E+06 0.180100000E+03
 0.162197250E+04 0.164974178E+06 0.190100000E+03
 0.152295526E+04 0.177740375E+06 0.200100000E+03
 0.142998277E+04 0.191494459E+06 0.210100000E+03
 0.134268601E+04 0.206312876E+06 0.220100000E+03
 0.126071850E+04 0.222277986E+06 0.230100000E+03
 0.118375489E+04 0.239478524E+06 0.240100000E+03
 0.111148970E+04 0.258010091E+06 0.250100000E+03
 0.104363612E+04 0.277975687E+06 0.260100000E+03
 0.979924831E+03 0.299486281E+06 0.270100000E+03
 0.920102948E+03 0.322661429E+06 0.280100000E+03
 0.863933037E+03 0.347629939E+06 0.290100000E+03
 0.811192154E+03 0.374530588E+06 0.300100000E+03
 0.761670965E+03 0.403512890E+06 0.310100000E+03
 0.715172918E+03 0.434737929E+06 0.320100000E+03
 0.671513456E+03 0.468379256E+06 0.330100000E+03
 0.630519292E+03 0.504623850E+06 0.340100000E+03
 0.592027716E+03 0.543673159E+06 0.350100000E+03
 0.555885951E+03 0.585744221E+06 0.360100000E+03
 0.521950548E+03 0.631070868E+06 0.370100000E+03
 0.490086813E+03 0.679905028E+06 0.380100000E+03
 0.460168278E+03 0.732518121E+06 0.390100000E+03
 0.432076192E+03 0.789202573E+06 0.400100000E+03
 0.405699055E+03 0.850273439E+06 0.410100000E+03
 0.380932174E+03 0.916070152E+06 0.420100000E+03
 0.357677247E+03 0.986958411E+06 0.430100000E+03
 0.335841974E+03 0.106333222E+07 0.440100000E+03
 0.315339688E+03 0.114561606E+07 0.450100000E+03
 0.296089014E+03 0.123426727E+07 0.460100000E+03
 0.278013543E+03 0.132977858E+07 0.470100000E+03
 0.261041534E+03 0.143268084E+07 0.480100000E+03
 0.245105621E+03 0.154354599E+07 0.490100000E+03
 0.230142556E+03 0.166299021E+07 0.500100000E+03
 0.216092946E+03 0.179167739E+07 0.510100000E+03
 0.202901029E+03 0.193032277E+07 0.520100000E+03
 0.190514445E+03 0.207969694E+07 0.530100000E+03
 0.178884030E+03 0.224063014E+07 0.540100000E+03
 0.167963621E+03 0.241401683E+07 0.550100000E+03
 0.157709875E+03 0.260082070E+07 0.560100000E+03
 0.148082094E+03 0.280208002E+07 0.570100000E+03
 0.139042064E+03 0.301891339E+07 0.580100000E+03
 0.130553905E+03 0.325252597E+07 0.590100000E+03
 0.122583926E+03 0.350421620E+07 0.600100000E+03
 0.115100494E+03 0.377538298E+07 0.610100000E+03
 0.108073905E+03 0.406753345E+07 0.620100000E+03
 0.101476272E+03 0.438229141E+07 0.630100000E+03
 0.952814076E+02 0.472140628E+07 0.640100000E+03
 0.894647234E+02 0.508676288E+07 0.650100000E+03
 0.840031329E+02 0.548039187E+07 0.660100000E+03
 0.788749583E+02 0.590448105E+07 0.670100000E+03
 0.740598456E+02 0.636138753E+07 0.680100000E+03
 0.695386831E+02 0.685365080E+07 0.690100000E+03
 0.652935259E+02 0.738400689E+07 0.700100000E+03
 0.613075246E+02 0.795540352E+07 0.710100000E+03
 0.575648583E+02 0.857101654E+07 0.720100000E+03
 0.540506722E+02 0.923426755E+07 0.730100000E+03
 0.507510181E+02 0.994884291E+07 0.740100000E+03
 0.476527994E+02 0.107187143E+08 0.750100000E+03
 0.447437189E+02 0.115481606E+08 0.760100000E+03
 0.420122303E+02 0.124417919E+08 0.770100000E+03
 0.394474920E+02 0.134045751E+08 0.780100000E+03
 0.370393244E+02 0.144418614E+08 0.790100000E+03
 0.347781692E+02 0.155594160E+08 0.800100000E+03
 0.326550517E+02 0.167634504E+08 0.810100000E+03
 0.306615450E+02 0.170000000E+08 0.820100000E+03
 0.287897368E+02 0.170000000E+08 0.830100000E+03
 0.270321977E+02 0.170000000E+08 0.840100000E+03
 0.253819517E+02 0.170000000E+08 0.850100000E+03
 0.238324491E+02 0.170000000E+08 0.860100000E+03
 0.223775395E+02 0.170000000E+08 0.870100000E+03
 0.210114485E+02 0.170000000E+08 0.880100000E+03
 0.197287537E+02 0.170000000E+08 0.890100000E+03
 0.185243642E+02 0.170000000E+08 0.900100000E+03
 0.173934996E+02 0.170000000E+08 0.910100000E+03
 0.163316713E+02 0.170000000E+08 0.920100000E+03
 0.153346649E+02 0.170000000E+08 0.930100000E+03
 0.143985232E+02 0.170000000E+08 0.940100000E+03
 0.135195305E+02 0.170000000E+08 0.950100000E+03
 0.126941980E+02 0.170000000E+08 0.960100000E+03
 0.119192500E+02 0.170000000E+08 0.970100000E+03
 0.111916105E+02 0.170000000E+08 0.980100000E+03
 0.105083916E+02 0.170000000E+08 0.990100000E+03
 0.100000000E+02 0.170000000E+08 0.100010000E+04
 0.100000000E+02 0.170000000E+08 0.105010000E+04
 0.100000000E+02 0.170000000E+08 0.110010000E+04
 0.100000000E+02 0.170000000E+08 0.115010000E+04
 0.100000000E+02 0.170000000E+08 0.120010000E+04
 0.100000000E+02 0.170000000E+08 0.125010000E+04
 0.100000000E+02 0.170000000E+08 0.130010000E+04
 0.100000000E+02 0.170000000E+08 0.135010000E+04
 0.100000000E+02 0.170000000E+08 0.140010000E+04
 0.100000000E+02 0.170000000E+08 0.145010000E+04
 0.100000000E+02 0.170000000E+08 0.150010000E+04
 0.100000000E+02 0.170000000E+08 0.155010000E+04
 0.100000000E+02 0.170000000E+08 0.160010000E+04
 0.100000000E+02 0.170000000E+08 0.165010000E+04
 0.100000000E+02 0.170000000E+08 0.170010000E+04
 0.100000000E+02 0.170000000E+08 0.175010000E+04
 0.100000000E+02 0.170000000E+08 0.180010000E+04
 0.100000000E+02 0.170000000E+08 0.185010000E+04
 0.100000000E+02 0.170000000E+08 0.190010000E+04
 0.100000000E+02 0.170000000E+08 0.195010000E+04
 0.100000000E+02 0.170000000E+08 0.200010000E+04
 0.100000000E+02 0.170000000E+08 0.205010000E+04
 0.100000000E+02 0.170000000E+08 0.210010000E+04
 0.100000000E+02 0.170000000E+08 0.215010000E+04
 0.100000000E+02 0.170000000E+08 0.220010000E+04
 0.100000000E+02 0.170000000E+08 0.225010000E+04
 0.100000000E+02 0.170000000E+08 0.230010000E+04
 0.100000000E+02 0.170000000E+08 0.235010000E+04
 0.100000000E+02 0.170000000E+08 0.240010000E+04
 0.100000000E+02 0.170000000E+08 0.245010000E+04
 0.100000000E+02 0.170000000E+08 0.250010000E+04
 0.100000000E+02 0.170000000E+08 0.255010000E+04
 0.100000000E+02 0.170000000E+08 0.260010000E+04
 0.100000000E+02 0.170000000E+08 0.265010000E+04
 0.100000000E+02 0.170000000E+08 0.270010000E+04
 0.100000000E+02 0.170000000E+08 0.275010000E+04
 0.100000000E+02 0.170000000E+08 0.280010000E+04
 0.100000000E+02 0.170000000E+08 0.285010000E+04
 0.100000000E+02 0.170000000E+08 0.290010000E+04
 0.100000000E+02 0.170000000E+08 0.295010000E+04
 0.100000000E+02 0.170000000E+08 0.300010000E+04
 0.100000000E+02 0.170000000E+08 0.305010000E+04
 0.100000000E+02 0.170000000E+08 0.310010000E+04
 0.100000000E+02 0.170000000E+08 0.315010000E+04
 0.100000000E+02 0.170000000E+08 0.320010000E+04
 0.100000000E+02 0.170000000E+08 0.325010000E+04
 0.100000000E+02 0.170000000E+08 0.330010000E+04
 0.100000000E+02 0.170000000E+08 0.335010000E+04
 0.100000000E+02 0.170000000E+08 0.340010000E+04
 0.100000000E+02 0.170000000E+08 0.345010000E+04
 0.100000000E+02 0.170000000E+08 0.350010000E+04
 0.100000000E+02 0.170000000E+08 0.355010000E+04
 0.100000000E+02 0.170000000E+08 0.360010000E+04
 0.100000000E+02 0.170000000E+08 0.365010000E+04
 0.100000000E+02 0.170000000E+08 0.370010000E+04
 0.100000000E+02 0.170000000E+08 0.375010000E+04
 0.100000000E+02 0.170000000E+08 0.380010000E+04
 0.100000000E+02 0.170000000E+08 0.385010000E+04
 0.100000000E+02 0.170000000E+08 0.390010000E+04
 0.100000000E+02 0.170000000E+08 0.395010000E+04
 0.100000000E+02 0.170000000E+08 0.400010000E+04
 0.100000000E+02 0.170000000E+08 0.405010000E+04
 0.100000000E+02 0.170000000E+08 0.410010000E+04
 0.100000000E+02 0.170000000E+08 0.415010000E+04
 0.100000000E+02 0.170000000E+08 0.420010000E+04
 0.100000000E+02 0.170000000E+08 0.425010000E+04
 0.100000000E+02 0.170000000E+08 0.430010000E+04
 0.100000000E+02 0.170000000E+08 0.435010000E+04
 0.100000000E+02 0.170000000E+08 0.440010000E+04
 0.100000000E+02 0.170000000E+08 0.445010000E+04
 0.100000000E+02 0.170000000E+08 0.450010000E+04
 0.100000000E+02 0.170000000E+08 0.455010000E+04
 0.100000000E+02 0.170000000E+08 0.460010000E+04
 0.100000000E+02 0.170000000E+08 0.465010000E+04
 0.100000000E+02 0.170000000E+08 0.470010000E+04
 0.100000000E+02 0.170000000E+08 0.475010000E+04
 0.100000000E+02 0.170000000E+08 0.480010000E+04
 0.100000000E+02 0.170000000E+08 0.485010000E+04
 0.100000000E+02 0.170000000E+08 0.490010000E+04
 0.100000000E+02 0.170000000E+08 0.495010000E+04
 0.100000000E+02 0.170000000E+08 0.500010000E+04
 0.100000000E+02 0.170000000E+08 0.505010000E+04
 0.100000000E+02 0.170000000E+08 0.510010000E+04
 0.100000000E+02 0.170000000E+08 0.515010000E+04
 0.100000000E+02 0.170000000E+08 0.520010000E+04
 0.100000000E+02 0.170000000E+08 0.525010000E+04
 0.100000000E+02 0.170000000E+08 0.530010000E+04
 0.100000000E+02 0.170000000E+08 0.535010000E+04
 0.100000000E+02 0.170000000E+08 0.540010000E+04
 0.100000000E+02 0.170000000E+08 0.545010000E+04
 0.100000000E+02 0.170000000E+08 0.550010000E+04
 0.100000000E+02 0.170000000E+08 0.555010000E+04
 0.100000000E+02 0.170000000E+08 0.560010000E+04
 0.100000000E+02 0.170000000E+08 0.565010000E+04
 0.100000000E+02 0.170000000E+08 0.570010000E+04
 0.100000000E+02 0.170000000E+08 0.575010000E+04
 0.100000000E+02 0.170000000E+08 0.580010000E+04
 0.100000000E+02 0.170000000E+08 0.585010000E+04
 0.100000000E+02 0.170000000E+08 0.590010000E+04
 0.100000000E+02 0.170000000E+08 0.595010000E+04
 0.100000000E+02 0.170000000E+08 0.600010000E+04
 0.100000000E+02 0.170000000E+08 0.605010000E+04
 0.100000000E+02 0.170000000E+08 0.610010000E+04
 0.100000000E+02 0.170000000E+08 0.615010000E+04
 0.100000000E+02 0.170000000E+08 0.620010000E+04
 0.100000000E+02 0.170000000E+08 0.625010000E+04
 0.100000000E+02 0.170000000E+08 0.630010000E+04
 0.100000000E+02 0.170000000E+08 0.635010000E+04
 0.100000000E+02 0.170000000E+08 0.640010000E+04
 0.100000000E+02 0.170000000E+08 0.645010000E+04
 0.100000000E+02 0.170000000E+08 0.650010000E+04
 0.100000000E+02 0.170000000E+08 0.655010000E+04
 0.100000000E+02 0.170000000E+08 0.660010000E+04
 0.100000000E+02 0.170000000E+08 0.665010000E+04
 0.100000000E+02 0.170000000E+08 0.670010000E+04
 0.100000000E+02 0.170000000E+08 0.675010000E+04
 0.100000000E+02 0.170000000E+08 0.680010000E+04
 0.100000000E+02 0.170000000E+08 0.685010000E+04
 0.100000000E+02 0.170000000E+08 0.690010000E+04
 0.100000000E+02 0.170000000E+08 0.695010000E+04
 0.100000000E+02 0.170000000E+08 0.700010000E+04
 0.100000000E+02 0.170000000E+08 0.705010000E+04
 0.100000000E+02 0.170000000E+08 0.710010000E+04
 0.100000000E+02 0.170000000E+08 0.715010000E+04
 0.100000000E+02 0.170000000E+08 0.720010000E+04
 0.100000000E+02 0.170000000E+08 0.725010000E+04
 0.100000000E+02 0.170000000E+08 0.730010000E+04
 0.100000000E+02 0.170000000E+08 0.735010000E+04
 0.100000000E+02 0.170000000E+08 0.740010000E+04
 0.100000000E+02 0.170000000E+08 0.745010000E+04
 0.100000000E+02 0.170000000E+08 0.750010000E+04
 0.100000000E+02 0.170000000E+08 0.755010000E+04
 0.100000000E+02 0.170000000E+08 0.760010000E+04
 0.100000000E+02 0.170000000E+08 0.765010000E+04
 0.100000000E+02 0.170000000E+08 0.770010000E+04
 0.100000000E+02 0.170000000E+08 0.775010000E+04
 0.100000000E+02 0.170000000E+08 0.780010000E+04
 0.100000000E+02 0.170000000E+08 0.785010000E+04
 0.100000000E+02 0.170000000E+08 0.790010000E+04
 0.100000000E+02 0.170000000E+08 0.795010000E+04
 0.100000000E+02 0.170000000E+08 0.800010000E+04
 0.100000000E+02 0.170000000E+08 0.805010000E+04
 0.100000000E+02 0.170000000E+08 0.810010000E+04
 0.100000000E+02 0.170000000E+08 0.815010000E+04
 0.100000000E+02 0.170000000E+08 0.820010000E+04
 0.302676112E+02 0.187000000E+07 0.825010000E+04
 0.293139288E+02 0.187000000E+07 0.830010000E+04
 0.283902954E+02 0.187000000E+07 0.835010000E+04
 0.274957642E+02 0.187000000E+07 0.840010000E+04
 0.266294181E+02 0.187000000E+07 0.845010000E+04
 0.257903692E+02 0.187000000E+07 0.850010000E+04
 0.249777574E+02 0.187000000E+07 0.855010000E+04
 0.241907495E+02 0.187000000E+07 0.860010000E+04
 0.234285390E+02 0.187000000E+07 0.865010000E+04
 0.226903445E+02 0.187000000E+07 0.870010000E+04
 0.219754093E+02 0.187000000E+07 0.875010000E+04
 0.212830005E+02 0.187000000E+07 0.880010000E+04
 0.206124084E+02 0.187000000E+07 0.885010000E+04
 0.199629455E+02 0.187000000E+07 0.890010000E+04
 0.193339461E+02 0.187000000E+07 0.895010000E+04
 0.187247654E+02 0.187000000E+07 0.900010000E+04
 0.181347791E+02 0.187000000E+07 0.905010000E+04
 0.175633822E+02 0.187000000E+07 0.910010000E+04
 0.170099891E+02 0.187000000E+07 0.915010000E+04
 0.164740324E+02 0.187000000E+07 0.920010000E+04
 0.159549629E+02 0.187000000E+07 0.925010000E+04
 0.154522484E+02 0.187000000E+07 0.930010000E+04
 0.149653737E+02 0.187000000E+07 0.935010000E+04
 0.144938395E+02 0.187000000E+07 0.940010000E+04
 0.140371626E+02 0.187000000E+07 0.945010000E+04
 0.135948748E+02 0.187000000E+07 0.950010000E+04
 0.131665228E+02 0.187000000E+07 0.955010000E+04
 0.127516674E+02 0.187000000E+07 0.960010000E+04
 0.123498835E+02 0.187000000E+07 0.965010000E+04
 0.119607591E+02 0.187000000E+07 0.970010000E+04
 0.115838954E+02 0.187000000E+07 0.975010000E+04
 0.112189060E+02 0.187000000E+07 0.980010000E+04
 0.108654168E+02 0.187000000E+07 0.985010000E+04
 0.105230655E+02 0.187000000E+07 0.990010000E+04
 0.101915011E+02 0.187000000E+07 0.995010000E+04
 0.100000000E+02 0.187000000E+07 0.100001000E+05
 0.100000000E+02 0.187000000E+07 0.110001000E+05
 0.100000000E+02 0.187000000E+07 0.120001000E+05
 0.100000000E+02 0.187000000E+07 0.130001000E+05
 0.100000000E+02 0.187000000E+07 0.140001000E+05
 0.100000000E+02 0.187000000E+07 0.150001000E+05
 0.100000000E+02 0.187000000E+07 0.160001000E+05
 0.100000000E+02 0.187000000E+07 0.170001000E+05
 0.100000000E+02 0.187000000E+07 0.180001000E+05
 0.100000000E+02 0.187000000E+07 0.190001000E+05
 0.100000000E+02 0.187000000E+07 0.200001000E+05
 0.100000000E+02 0.187000000E+07 0.210001000E+05
 0.100000000E+02 0.187000000E+07 0.220001000E+05
 0.100000000E+02 0.187000000E+07 0.230001000E+05
 0.100000000E+02 0.187000000E+07 0.240001000E+05
 0.100000000E+02 0.187000000E+07 0.250001000E+05
 0.100000000E+02 0.187000000E+07 0.260001000E+05
 0.100000000E+02 0.187000000E+07 0.270001000E+05
 0.100000000E+02 0.187000000E+07 0.280001000E+05
 0.100000000E+02 0.187000000E+07 0.290001000E+05
 0.100000000E+02 0.187000000E+07 0.300001000E+05
 0.100000000E+02 0.187000000E+07 0.310001000E+05
 0.100000000E+02 0.187000000E+07 0.320001000E+05
 0.100000000E+02 0.187000000E+07 0.330001000E+05
 0.100000000E+02 0.187000000E+07 0.340001000E+05
 0.100000000E+02 0.187000000E+07 0.350001000E+05
 0.100000000E+02 0.187000000E+07 0.360001000E+05
 0.100000000E+02 0.187000000E+07 0.370001000E+05
 0.100000000E+02 0.187000000E+07 0.380001000E+05
 0.100000000E+02 0.187000000E+07 0.390001000E+05
 0.100000000E+02 0.187000000E+07 0.400001000E+05
 0.100000000E+02 0.187000000E+07 0.410001000E+05
 0.100000000E+02 0.187000000E+07 0.420001000E+05
 0.100000000E+02 0.187000000E+07 0.430001000E+05
 0.100000000E+02 0.187000000E+07 0.440001000E+05
 0.100000000E+02 0.187000000E+07 0.450001000E+05
 0.100000000E+02 0.187000000E+07 0.460001000E+05
 0.100000000E+02 0.187000000E+07 0.470001000E+05
 0.100000000E+02 0.187000000E+07 0.480001000E+05
 0.100000000E+02 0.187000000E+07 0.490001000E+05
 0.100000000E+02 0.187000000E+07 0.500001000E+05
 0.100000000E+02 0.187000000E+07 0.510001000E+05
 0.100000000E+02 0.187000000E+07 0.520001000E+05
 0.100000000E+02 0.187000000E+07 0.530001000E+05
 0.100000000E+02 0.187000000E+07 0.540001000E+05
 0.100000000E+02 0.187000000E+07 0.550001000E+05
 0.100000000E+02 0.187000000E+07 0.560001000E+05
 0.100000000E+02 0.187000000E+07 0.570001000E+05
 0.100000000E+02 0.187000000E+07 0.580001000E+05
 0.100000000E+02 0.187000000E+07 0.590001000E+05
 0.100000000E+02 0.187000000E+07 0.600001000E+05
 0.100000000E+02 0.187000000E+07 0.610001000E+05
 0.100000000E+02 0.187000000E+07 0.620001000E+05
 0.100000000E+02 0.187000000E+07 0.630001000E+05
 0.100000000E+02 0.187000000E+07 0.640001000E+05
 0.100000000E+02 0.187000000E+07 0.650001000E+05
 0.100000000E+02 0.187000000E+07 0.660001000E+05
 0.100000000E+02 0.187000000E+07 0.670001000E+05
 0.100000000E+02 0.187000000E+07 0.680001000E+05
 0.100000000E+02 0.187000000E+07 0.690001000E+05
 0.100000000E+02 0.187000000E+07 0.700001000E+05
 0.100000000E+02 0.187000000E+07 0.710001000E+05
 0.100000000E+02 0.187000000E+07 0.720001000E+05
 0.100000000E+02 0.187000000E+07 0.730001000E+05
 0.100000000E+02 0.187000000E+07 0.740001000E+05
 0.100000000E+02 0.187000000E+07 0.750001000E+05
 0.100000000E+02 0.187000000E+07 0.760001000E+05
 0.100000000E+02 0.187000000E+07 0.770001000E+05
 0.100000000E+02 0.187000000E+07 0.780001000E+05
 0.100000000E+02 0.187000000E+07 0.790001000E+05
 0.100000000E+02 0.187000000E+07 0.800001000E+05
 0.100000000E+02 0.187000000E+07 0.810001000E+05
 0.100000000E+02 0.187000000E+07 0.820001000E+05
 0.100000000E+02 0.187000000E+07 0.830001000E+05
 0.100000000E+02 0.187000000E+07 0.840001000E+05
 0.100000000E+02 0.187000000E+07 0.850001000E+05
 0.100000000E+02 0.187000000E+07 0.860001000E+05
 0.100000000E+02 0.187000000E+07 0.870001000E+05
 0.100000000E+02 0.187000000E+07 0.880001000E+05
 0.100000000E+02 0.187000000E+07 0.890001000E+05
 0.100000000E+02 0.187000000E+07 0.900001000E+05
 0.100000000E+02 0.187000000E+07 0.910001000E+05
 0.100000000E+02 0.187000000E+07 0.920001000E+05
 0.100000000E+02 0.187000000E+07 0.930001000E+05
 0.100000000E+02 0.187000000E+07 0.940001000E+05
 0.100000000E+02 0.187000000E+07 0.950001000E+05
 0.100000000E+02 0.187000000E+07 0.960001000E+05
 0.100000000E+02 0.187000000E+07 0.970001000E+05
 0.100000000E+02 0.187000000E+07 0.980001000E+05
 0.100000000E+02 0.187000000E+07 0.990001000E+05
 0.100000000E+02 0.187000000E+07 0.100000100E+06
 0.100000000E+02 0.187000000E+07 0.110000100E+06
 0.100000000E+02 0.187000000E+07 0.120000100E+06
 0.100000000E+02 0.187000000E+07 0.130000100E+06
 0.100000000E+02 0.187000000E+07 0.140000100E+06
 0.100000000E+02 0.187000000E+07 0.150000100E+06
 0.100000000E+02 0.187000000E+07 0.160000100E+06
 0.100000000E+02 0.187000000E+07 0.170000100E+06
 0.100000000E+02 0.187000000E+07 0.180000100E+06
 0.100000000E+02 0.187000000E+07 0.190000100E+06
 0.100000000E+02 0.187000000E+07 0.200000100E+06
 0.100000000E+02 0.187000000E+07 0.210000100E+06
 0.100000000E+02 0.187000000E+07 0.220000100E+06
 0.100000000E+02 0.187000000E+07 0.230000100E+06
 0.100000000E+02 0.187000000E+07 0.240000100E+06
 0.100000000E+02 0.187000000E+07 0.250000100E+06
 0.100000000E+02 0.187000000E+07 0.260000100E+06
 0.100000000E+02 0.187000000E+07 0.270000100E+06
 0.100000000E+02 0.187000000E+07 0.280000100E+06
 0.100000000E+02 0.187000000E+07 0.290000100E+06
 0.100000000E+02 0.187000000E+07 0.300000100E+06
 0.100000000E+02 0.187000000E+07 0.310000100E+06
 0.100000000E+02 0.187000000E+07 0.320000100E+06
 0.100000000E+02 0.187000000E+07 0.330000100E+06
 0.100000000E+02 0.187000000E+07 0.340000100E+06
 0.100000000E+02 0.187000000E+07 0.350000100E+06
 0.100000000E+02 0.187000000E+07 0.360000100E+06
 0.100000000E+02 0.187000000E+07 0.370000100E+06
 0.100000000E+02 0.187000000E+07 0.380000100E+06
 0.100000000E+02 0.187000000E+07 0.390000100E+06
 0.100000000E+02 0.187000000E+07 0.400000100E+06
 0.100000000E+02 0.187000000E+07 0.410000100E+06
 0.100000000E+02 0.187000000E+07 0.420000100E+06
 0.100000000E+02 0.187000000E+07 0.430000100E+06
 0.100000000E+02 0.187000000E+07 0.440000100E+06
 0.100000000E+02 0.187000000E+07 0.450000100E+06
 0.100000000E+02 0.187000000E+07 0.460000100E+06
 0.100000000E+02 0.187000000E+07 0.470000100E+06
 0.100000000E+02 0.187000000E+07 0.480000100E+06
 0.100000000E+02 0.187000000E+07 0.490000100E+06
 0.100000000E+02 0.187000000E+07 0.500000100E+06
 0.100000000E+02 0.187000000E+07 0.510000100E+06
 0.100000000E+02 0.187000000E+07 0.520000100E+06
 0.100000000E+02 0.187000000E+07 0.530000100E+06
 0.100000000E+02 0.187000000E+07 0.540000100E+06
 0.100000000E+02 0.187000000E+07 0.550000100E+06
 0.100000000E+02 0.187000000E+07 0.560000100E+06
 0.100000000E+02 0.187000000E+07 0.570000100E+06
 0.100000000E+02 0.187000000E+07 0.580000100E+06
 0.100000000E+02 0.187000000E+07 0.590000100E+06
 0.100000000E+02 0.187000000E+07 0.600000100E+06
 0.100000000E+02 0.187000000E+07 0.610000100E+06
 0.100000000E+02 0.187000000E+07 0.620000100E+06
 0.100000000E+02 0.187000000E+07 0.630000100E+06
 0.100000000E+02 0.187000000E+07 0.640000100E+06
 0.100000000E+02 0.187000000E+07 0.650000100E+06
 0.100000000E+02 0.187000000E+07 0.660000100E+06
 0.100000000E+02 0.187000000E+07 0.670000100E+06
 0.100000000E+02 0.187000000E+07 0.680000100E+06
 0.100000000E+02 0.187000000E+07 0.690000100E+06
 0.100000000E+02 0.187000000E+07 0.700000100E+06
 0.100000000E+02 0.187000000E+07 0.710000100E+06
 0.100000000E+02 0.187000000E+07 0.720000100E+06
 0.100000000E+02 0.187000000E+07 0.730000100E+06
 0.100000000E+02 0.187000000E+07 0.740000100E+06
 0.100000000E+02 0.187000000E+07 0.750000100E+06
 0.100000000E+02 0.187000000E+07 0.760000100E+06
 0.100000000E+02 0.187000000E+07 0.770000100E+06
 0.100000000E+02 0.187000000E+07 0.780000100E+06
 0.100000000E+02 0.187000000E+07 0.790000100E+06
 0.100000000E+02 0.187000000E+07 0.800000100E+06
 0.100000000E+02 0.187000000E+07 0.810000100E+06
 0.100000000E+02 0.187000000E+07 0.820000100E+06
 0.100000000E+02 0.187000000E+07 0.830000100E+06
 0.100000000E+02 0.187000000E+07 0.840000100E+06
 0.100000000E+02 0.187000000E+07 0.850000100E+06
 0.100000000E+02 0.187000000E+07 0.860000100E+06
 0.100000000E+02 0.187000000E+07 0.870000100E+06
 0.100000000E+02 0.187000000E+07 0.880000100E+06
 0.100000000E+02 0.187000000E+07 0.890000100E+06
 0.100000000E+02 0.187000000E+07 0.900000100E+06
 0.100000000E+02 0.187000000E+07 0.910000100E+06
 0.100000000E+02 0.187000000E+07 0.920000100E+06
 0.100000000E+02 0.187000000E+07 0.930000100E+06
 0.100000000E+02 0.187000000E+07 0.940000100E+06
 0.100000000E+02 0.187000000E+07 0.950000100E+06
 0.100000000E+02 0.187000000E+07 0.960000100E+06
 0.100000000E+02 0.187000000E+07 0.970000100E+06
 0.100000000E+02 0.187000000E+07 0.980000100E+06
 0.100000000E+02 0.187000000E+07 0.990000100E+06
 0.592112873E+04 0.403031019E+06 0.999997800E-01
 0.555387714E+04 0.434633664E+06 0.109999978E+01
 0.520940393E+04 0.468714348E+06 0.209999978E+01
 0.488629630E+04 0.505467383E+06 0.309999978E+01
 0.458322907E+04 0.545102312E+06 0.409999978E+01
 0.429895926E+04 0.587845113E+06 0.509999978E+01
 0.403232097E+04 0.633939481E+06 0.609999978E+01
 0.378222064E+04 0.683648220E+06 0.709999978E+01
 0.354763250E+04 0.737254743E+06 0.809999978E+01
 0.332759444E+04 0.795064685E+06 0.909999978E+01
 0.312120401E+04 0.857407644E+06 0.100999998E+02
 0.292761471E+04 0.924639067E+06 0.110999998E+02
 0.274603258E+04 0.997142270E+06 0.120999998E+02
 0.257571289E+04 0.107533063E+07 0.130999998E+02
 0.241595709E+04 0.115964992E+07 0.140999998E+02
 0.226610997E+04 0.125058090E+07 0.150999998E+02
 0.212555696E+04 0.134864199E+07 0.160999998E+02
 0.199372159E+04 0.145439230E+07 0.170999998E+02
 0.187006317E+04 0.156843474E+07 0.180999998E+02
 0.175407453E+04 0.169141953E+07 0.190999998E+02
 0.164527996E+04 0.182404786E+07 0.200999998E+02
 0.154323326E+04 0.196707590E+07 0.210999998E+02
 0.144751589E+04 0.212131911E+07 0.220999998E+02
 0.135773528E+04 0.228765691E+07 0.230999998E+02
 0.127352322E+04 0.246703767E+07 0.240999998E+02
 0.119453433E+04 0.266048410E+07 0.250999998E+02
 0.112044463E+04 0.286909915E+07 0.260999998E+02
 0.105095027E+04 0.309407220E+07 0.270999998E+02
 0.985766217E+03 0.333668594E+07 0.280999998E+02
 0.924625136E+03 0.359832362E+07 0.290999998E+02
 0.867276265E+03 0.388047694E+07 0.300999998E+02
 0.813484395E+03 0.418475460E+07 0.310999998E+02
 0.763028907E+03 0.451289141E+07 0.320999998E+02
 0.715702867E+03 0.486675822E+07 0.330999998E+02
 0.671312172E+03 0.524837259E+07 0.340999998E+02
 0.629674763E+03 0.565991028E+07 0.350999998E+02
 0.590619868E+03 0.610371763E+07 0.360999998E+02
 0.553987312E+03 0.658232501E+07 0.370999998E+02
 0.519626849E+03 0.709846115E+07 0.380999998E+02
 0.487397557E+03 0.765506879E+07 0.390999998E+02
 0.457167252E+03 0.825532139E+07 0.400999998E+02
 0.428811949E+03 0.890264126E+07 0.410999998E+02
 0.402215353E+03 0.960071906E+07 0.420999998E+02
 0.377268382E+03 0.103535348E+08 0.430999998E+02
 0.353868720E+03 0.111653807E+08 0.440999998E+02
 0.331920396E+03 0.120408854E+08 0.450999998E+02
 0.311333393E+03 0.129850406E+08 0.460999998E+02
 0.292023277E+03 0.140032293E+08 0.470999998E+02
 0.273910850E+03 0.151012566E+08 0.480999998E+02
 0.256921827E+03 0.162853830E+08 0.490999998E+02
 0.240986529E+03 0.175623595E+08 0.500999998E+02
 0.226039601E+03 0.189394670E+08 0.510999998E+02
 0.212019740E+03 0.204245567E+08 0.520999998E+02
 0.198869445E+03 0.220260960E+08 0.530999998E+02
 0.186534783E+03 0.237532158E+08 0.540999998E+02
 0.174965166E+03 0.256157634E+08 0.550999998E+02
 0.164113141E+03 0.276243578E+08 0.560999998E+02
 0.153934201E+03 0.297904510E+08 0.570999998E+02
 0.144386600E+03 0.321263929E+08 0.580999998E+02
 0.135431177E+03 0.346455017E+08 0.590999998E+02
 0.127031205E+03 0.373621399E+08 0.600999998E+02
 0.119152233E+03 0.402917963E+08 0.610999998E+02
 0.111761945E+03 0.434511743E+08 0.620999998E+02
 0.104830031E+03 0.468582867E+08 0.630999998E+02
 0.983280621E+02 0.505325592E+08 0.640999998E+02
 0.922293707E+02 0.544949403E+08 0.650999998E+02
 0.865089440E+02 0.587680214E+08 0.660999998E+02
 0.811433205E+02 0.633761651E+08 0.670999998E+02
 0.761104941E+02 0.683456447E+08 0.680999998E+02
 0.713898232E+02 0.737047933E+08 0.690999998E+02
 0.669619468E+02 0.794841657E+08 0.700999998E+02
 0.628087047E+02 0.857167129E+08 0.710999998E+02
 0.589130629E+02 0.924379692E+08 0.720999998E+02
 0.552590440E+02 0.996862557E+08 0.730999998E+02
 0.518316617E+02 0.107502898E+09 0.740999998E+02
 0.486168591E+02 0.115932462E+09 0.750999998E+02
 0.456014512E+02 0.125023009E+09 0.760999998E+02
 0.427730706E+02 0.134826368E+09 0.770999998E+02
 0.401201173E+02 0.145398432E+09 0.780999998E+02
 0.376317105E+02 0.156799477E+09 0.790999998E+02
 0.352976445E+02 0.169094506E+09 0.800999998E+02
 0.331083463E+02 0.182353619E+09 0.810999998E+02
 0.310548371E+02 0.187000000E+09 0.820999998E+02
 0.291286945E+02 0.187000000E+09 0.830999998E+02
 0.273220188E+02 0.187000000E+09 0.840999998E+02
 0.256274002E+02 0.187000000E+09 0.850999998E+02
 0.240378885E+02 0.187000000E+09 0.860999998E+02
 0.225469645E+02 0.187000000E+09 0.870999998E+02
 0.211485135E+02 0.187000000E+09 0.880999998E+02
 0.198367999E+02 0.187000000E+09 0.890999998E+02
 0.186064439E+02 0.187000000E+09 0.900999998E+02
 0.174523994E+02 0.187000000E+09 0.910999998E+02
 0.163699332E+02 0.187000000E+09 0.920999998E+02
 0.153546059E+02 0.187000000E+09 0.930999998E+02
 0.144022531E+02 0.187000000E+09 0.940999998E+02
 0.135089689E+02 0.187000000E+09 0.950999998E+02
 0.126710898E+02 0.187000000E+09 0.960999998E+02
 0.118851792E+02 0.187000000E+09 0.970999998E+02
 0.111480138E+02 0.187000000E+09 0.980999998E+02
 0.104565704E+02 0.187000000E+09 0.990999998E+02
 0.100000000E+02 0.187000000E+09 0.100100000E+03
 0.100000000E+02 0.187000000E+09 0.110100000E+03
 0.100000000E+02 0.187000000E+09 0.120100000E+03
 0.100000000E+02 0.187000000E+09 0.130100000E+03
 0.100000000E+02 0.187000000E+09 0.140100000E+03
 0.100000000E+02 0.187000000E+09 0.150100000E+03
 0.100000000E+02 0.187000000E+09 0.160100000E+03
 0.100000000E+02 0.187000000E+09 0.170100000E+03
 0.100000000E+02 0.187000000E+09 0.180100000E+03
 0.100000000E+02 0.187000000E+09 0.190100000E+03
 0.100000000E+02 0.187000000E+09 0.200100000E+03
 0.100000000E+02 0.187000000E+09 0.210100000E+03
 0.100000000E+02 0.187000000E+09 0.220100000E+03
 0.100000000E+02 0.187000000E+09 0.230100000E+03
 0.100000000E+02 0.187000000E+09 0.240100000E+03
 0.100000000E+02 0.187000000E+09 0.250100000E+03
 0.100000000E+02 0.187000000E+09 0.260100000E+03
 0.100000000E+02 0.187000000E+09 0.270100000E+03
 0.100000000E+02 0.187000000E+09 0.280100000E+03
 0.101373331E+04 0.366550925E+06 0.290100000E+03
 0.949699828E+03 0.395637875E+06 0.300100000E+03
 0.889711082E+03 0.427032965E+06 0.310100000E+03
 0.833511585E+03 0.460919352E+06 0.320100000E+03
 0.780861986E+03 0.497494729E+06 0.330100000E+03
 0.731538052E+03 0.536972476E+06 0.340100000E+03
 0.685329714E+03 0.579582904E+06 0.350100000E+03
 0.642040172E+03 0.625574601E+06 0.360100000E+03
 0.601485057E+03 0.675215882E+06 0.370100000E+03
 0.563491648E+03 0.728796351E+06 0.380100000E+03
 0.527898130E+03 0.786628598E+06 0.390100000E+03
 0.494552913E+03 0.849050011E+06 0.400100000E+03
 0.463313980E+03 0.916424757E+06 0.410100000E+03
 0.434048286E+03 0.989145898E+06 0.420100000E+03
 0.406631188E+03 0.106763769E+07 0.430100000E+03
 0.380945920E+03 0.115235804E+07 0.440100000E+03
 0.356883087E+03 0.124380122E+07 0.450100000E+03
 0.334340207E+03 0.134250069E+07 0.460100000E+03
 0.313221271E+03 0.144903228E+07 0.470100000E+03
 0.293436334E+03 0.156401748E+07 0.480100000E+03
 0.274901132E+03 0.168812710E+07 0.490100000E+03
 0.257536725E+03 0.182208521E+07 0.500100000E+03
 0.241269159E+03 0.196667331E+07 0.510100000E+03
 0.226029149E+03 0.212273493E+07 0.520100000E+03
 0.211751790E+03 0.229118051E+07 0.530100000E+03
 0.198376275E+03 0.247299278E+07 0.540100000E+03
 0.185845638E+03 0.266923241E+07 0.550100000E+03
 0.174106511E+03 0.288104426E+07 0.560100000E+03
 0.163108898E+03 0.310966404E+07 0.570100000E+03
 0.152805960E+03 0.335642551E+07 0.580100000E+03
 0.143153817E+03 0.362276826E+07 0.590100000E+03
 0.134111362E+03 0.391024613E+07 0.600100000E+03
 0.125640083E+03 0.422053626E+07 0.610100000E+03
 0.117703901E+03 0.455544888E+07 0.620100000E+03
 0.110269015E+03 0.491693785E+07 0.630100000E+03
 0.103303762E+03 0.530711208E+07 0.640100000E+03
 0.967784754E+02 0.572824785E+07 0.650100000E+03
 0.906653655E+02 0.618280205E+07 0.660100000E+03
 0.849383964E+02 0.667342652E+07 0.670100000E+03
 0.795731770E+02 0.720298357E+07 0.680100000E+03
 0.745468571E+02 0.777456261E+07 0.690100000E+03
 0.698380298E+02 0.839149822E+07 0.700100000E+03
 0.654266403E+02 0.905738957E+07 0.710100000E+03
 0.612939006E+02 0.977612147E+07 0.720100000E+03
 0.574222096E+02 0.105518870E+08 0.730100000E+03
 0.537950779E+02 0.113892118E+08 0.740100000E+03
 0.503970576E+02 0.122929811E+08 0.750100000E+03
 0.472136767E+02 0.132684672E+08 0.760100000E+03
 0.442313772E+02 0.143213611E+08 0.770100000E+03
 0.414374577E+02 0.154578054E+08 0.780100000E+03
 0.388200190E+02 0.166844301E+08 0.790100000E+03
 0.363679134E+02 0.180083913E+08 0.800100000E+03
 0.340706975E+02 0.194374129E+08 0.810100000E+03
 0.319185875E+02 0.204000000E+08 0.820100000E+03
 0.299024178E+02 0.204000000E+08 0.830100000E+03
 0.280136014E+02 0.204000000E+08 0.840100000E+03
 0.262440941E+02 0.204000000E+08 0.850100000E+03
 0.245863594E+02 0.204000000E+08 0.860100000E+03
 0.230333373E+02 0.204000000E+08 0.870100000E+03
 0.215784133E+02 0.204000000E+08 0.880100000E+03
 0.202153911E+02 0.204000000E+08 0.890100000E+03
 0.189384656E+02 0.204000000E+08 0.900100000E+03
 0.177421983E+02 0.204000000E+08 0.910100000E+03
 0.166214945E+02 0.204000000E+08 0.920100000E+03
 0.155715810E+02 0.204000000E+08 0.930100000E+03
 0.145879864E+02 0.204000000E+08 0.940100000E+03
 0.136665216E+02 0.204000000E+08 0.950100000E+03
 0.128032620E+02 0.204000000E+08 0.960100000E+03
 0.119945310E+02 0.204000000E+08 0.970100000E+03
 0.112368844E+02 0.204000000E+08 0.980100000E+03
 0.105270953E+02 0.204000000E+08 0.990100000E+03
 0.100000000E+02 0.204000000E+08 0.100010000E+04
 0.100000000E+02 0.204000000E+08 0.105010000E+04
 0.100000000E+02 0.204000000E+08 0.110010000E+04
 0.100000000E+02 0.204000000E+08 0.115010000E+04
 0.100000000E+02 0.204000000E+08 0.120010000E+04
 0.100000000E+02 0.204000000E+08 0.125010000E+04
 0.100000000E+02 0.204000000E+08 0.130010000E+04
 0.100000000E+02 0.204000000E+08 0.135010000E+04
 0.100000000E+02 0.204000000E+08 0.140010000E+04
 0.100000000E+02 0.204000000E+08 0.145010000E+04
 0.100000000E+02 0.204000000E+08 0.150010000E+04
 0.100000000E+02 0.204000000E+08 0.155010000E+04
 0.100000000E+02 0.204000000E+08 0.160010000E+04
 0.100000000E+02 0.204000000E+08 0.165010000E+04
 0.100000000E+02 0.204000000E+08 0.170010000E+04
 0.100000000E+02 0.204000000E+08 0.175010000E+04
 0.100000000E+02 0.204000000E+08 0.180010000E+04
 0.100000000E+02 0.204000000E+08 0.185010000E+04
 0.100000000E+02 0.204000000E+08 0.190010000E+04
 0.100000000E+02 0.204000000E+08 0.195010000E+04
 0.100000000E+02 0.204000000E+08 0.200010000E+04
 0.100000000E+02 0.204000000E+08 0.205010000E+04
 0.100000000E+02 0.204000000E+08 0.210010000E+04
 0.100000000E+02 0.204000000E+08 0.215010000E+04
 0.100000000E+02 0.204000000E+08 0.220010000E+04
 0.100000000E+02 0.204000000E+08 0.225010000E+04
 0.100000000E+02 0.204000000E+08 0.230010000E+04
 0.100000000E+02 0.204000000E+08 0.235010000E+04
 0.100000000E+02 0.204000000E+08 0.240010000E+04
 0.100000000E+02 0.204000000E+08 0.245010000E+04
 0.100000000E+02 0.204000000E+08 0.250010000E+04
 0.100000000E+02 0.204000000E+08 0.255010000E+04
 0.100000000E+02 0.204000000E+08 0.260010000E+04
 0.100000000E+02 0.204000000E+08 0.265010000E+04
 0.100000000E+02 0.204000000E+08 0.270010000E+04
 0.100000000E+02 0.204000000E+08 0.275010000E+04
 0.100000000E+02 0.204000000E+08 0.280010000E+04
 0.100000000E+02 0.204000000E+08 0.285010000E+04
 0.100000000E+02 0.204000000E+08 0.290010000E+04
 0.100000000E+02 0.204000000E+08 0.295010000E+04
 0.100000000E+02 0.204000000E+08 0.300010000E+04
 0.100000000E+02 0.204000000E+08 0.305010000E+04
 0.100000000E+02 0.204000000E+08 0.310010000E+04
 0.100000000E+02 0.204000000E+08 0.315010000E+04
 0.100000000E+02 0.204000000E+08 0.320010000E+04
 0.100000000E+02 0.204000000E+08 0.325010000E+04
 0.100000000E+02 0.204000000E+08 0.330010000E+04
 0.100000000E+02 0.204000000E+08 0.335010000E+04
 0.100000000E+02 0.204000000E+08 0.340010000E+04
 0.100000000E+02 0.204000000E+08 0.345010000E+04
 0.100000000E+02 0.204000000E+08 0.350010000E+04
 0.100000000E+02 0.204000000E+08 0.355010000E+04
 0.100000000E+02 0.204000000E+08 0.360010000E+04
 0.100000000E+02 0.204000000E+08 0.365010000E+04
 0.100000000E+02 0.204000000E+08 0.370010000E+04
 0.100000000E+02 0.204000000E+08 0.375010000E+04
 0.100000000E+02 0.204000000E+08 0.380010000E+04
 0.100000000E+02 0.204000000E+08 0.385010000E+04
 0.100000000E+02 0.204000000E+08 0.390010000E+04
 0.100000000E+02 0.204000000E+08 0.395010000E+04
 0.100000000E+02 0.204000000E+08 0.400010000E+04
 0.100000000E+02 0.204000000E+08 0.405010000E+04
 0.100000000E+02 0.204000000E+08 0.410010000E+04
 0.100000000E+02 0.204000000E+08 0.415010000E+04
 0.100000000E+02 0.204000000E+08 0.420010000E+04
 0.100000000E+02 0.204000000E+08 0.425010000E+04
 0.100000000E+02 0.204000000E+08 0.430010000E+04
 0.100000000E+02 0.204000000E+08 0.435010000E+04
 0.100000000E+02 0.204000000E+08 0.440010000E+04
 0.100000000E+02 0.204000000E+08 0.445010000E+04
 0.100000000E+02 0.204000000E+08 0.450010000E+04
 0.100000000E+02 0.204000000E+08 0.455010000E+04
 0.100000000E+02 0.204000000E+08 0.460010000E+04
 0.100000000E+02 0.204000000E+08 0.465010000E+04
 0.100000000E+02 0.204000000E+08 0.470010000E+04
 0.100000000E+02 0.204000000E+08 0.475010000E+04
 0.100000000E+02 0.204000000E+08 0.480010000E+04
 0.100000000E+02 0.204000000E+08 0.485010000E+04
 0.100000000E+02 0.204000000E+08 0.490010000E+04
 0.100000000E+02 0.204000000E+08 0.495010000E+04
 0.100000000E+02 0.204000000E+08 0.500010000E+04
 0.100000000E+02 0.204000000E+08 0.505010000E+04
 0.100000000E+02 0.204000000E+08 0.510010000E+04
 0.100000000E+02 0.204000000E+08 0.515010000E+04
 0.100000000E+02 0.204000000E+08 0.520010000E+04
 0.100000000E+02 0.204000000E+08 0.525010000E+04
 0.100000000E+02 0.204000000E+08 0.530010000E+04
 0.100000000E+02 0.204000000E+08 0.535010000E+04
 0.100000000E+02 0.204000000E+08 0.540010000E+04
 0.100000000E+02 0.204000000E+08 0.545010000E+04
 0.100000000E+02 0.204000000E+08 0.550010000E+04
 0.100000000E+02 0.204000000E+08 0.555010000E+04
 0.100000000E+02 0.204000000E+08 0.560010000E+04
 0.100000000E+02 0.204000000E+08 0.565010000E+04
 0.100000000E+02 0.204000000E+08 0.570010000E+04
 0.100000000E+02 0.204000000E+08 0.575010000E+04
 0.100000000E+02 0.204000000E+08 0.580010000E+04
 0.100000000E+02 0.204000000E+08 0.585010000E+04
 0.100000000E+02 0.204000000E+08 0.590010000E+04
 0.100000000E+02 0.204000000E+08 0.595010000E+04
 0.100000000E+02 0.204000000E+08 0.600010000E+04
 0.100000000E+02 0.204000000E+08 0.605010000E+04
 0.100000000E+02 0.204000000E+08 0.610010000E+04
 0.100000000E+02 0.204000000E+08 0.615010000E+04
 0.100000000E+02 0.204000000E+08 0.620010000E+04
 0.100000000E+02 0.204000000E+08 0.625010000E+04
 0.100000000E+02 0.204000000E+08 0.630010000E+04
 0.100000000E+02 0.204000000E+08 0.635010000E+04
 0.100000000E+02 0.204000000E+08 0.640010000E+04
 0.100000000E+02 0.204000000E+08 0.645010000E+04
 0.100000000E+02 0.204000000E+08 0.650010000E+04
 0.100000000E+02 0.204000000E+08 0.655010000E+04
 0.100000000E+02 0.204000000E+08 0.660010000E+04
 0.100000000E+02 0.204000000E+08 0.665010000E+04
 0.100000000E+02 0.204000000E+08 0.670010000E+04
 0.100000000E+02 0.204000000E+08 0.675010000E+04
 0.100000000E+02 0.204000000E+08 0.680010000E+04
 0.100000000E+02 0.204000000E+08 0.685010000E+04
 0.100000000E+02 0.204000000E+08 0.690010000E+04
 0.100000000E+02 0.204000000E+08 0.695010000E+04
 0.100000000E+02 0.204000000E+08 0.700010000E+04
 0.100000000E+02 0.204000000E+08 0.705010000E+04
 0.100000000E+02 0.204000000E+08 0.710010000E+04
 0.100000000E+02 0.204000000E+08 0.715010000E+04
 0.100000000E+02 0.204000000E+08 0.720010000E+04
 0.100000000E+02 0.204000000E+08 0.725010000E+04
 0.100000000E+02 0.204000000E+08 0.730010000E+04
 0.100000000E+02 0.204000000E+08 0.735010000E+04
 0.100000000E+02 0.204000000E+08 0.740010000E+04
 0.100000000E+02 0.204000000E+08 0.745010000E+04
 0.100000000E+02 0.204000000E+08 0.750010000E+04
 0.100000000E+02 0.204000000E+08 0.755010000E+04
 0.100000000E+02 0.204000000E+08 0.760010000E+04
 0.100000000E+02 0.204000000E+08 0.765010000E+04
 0.100000000E+02 0.204000000E+08 0.770010000E+04
 0.100000000E+02 0.204000000E+08 0.775010000E+04
 0.100000000E+02 0.204000000E+08 0.780010000E+04
 0.100000000E+02 0.204000000E+08 0.785010000E+04
 0.100000000E+02 0.204000000E+08 0.790010000E+04
 0.100000000E+02 0.204000000E+08 0.795010000E+04
 0.100000000E+02 0.204000000E+08 0.800010000E+04
 0.100000000E+02 0.204000000E+08 0.805010000E+04
 0.100000000E+02 0.204000000E+08 0.810010000E+04
 0.100000000E+02 0.204000000E+08 0.815010000E+04
 0.100000000E+02 0.204000000E+08 0.820010000E+04
 0.100000000E+02 0.204000000E+08 0.825010000E+04
 0.100000000E+02 0.204000000E+08 0.830010000E+04
 0.100000000E+02 0.204000000E+08 0.835010000E+04
 0.100000000E+02 0.204000000E+08 0.840010000E+04
 0.100000000E+02 0.204000000E+08 0.845010000E+04
 0.100000000E+02 0.204000000E+08 0.850010000E+04
 0.100000000E+02 0.204000000E+08 0.855010000E+04
 0.100000000E+02 0.204000000E+08 0.860010000E+04
 0.100000000E+02 0.204000000E+08 0.865010000E+04
 0.100000000E+02 0.204000000E+08 0.870010000E+04
 0.100000000E+02 0.204000000E+08 0.875010000E+04
 0.100000000E+02 0.204000000E+08 0.880010000E+04
 0.100000000E+02 0.204000000E+08 0.885010000E+04
 0.100000000E+02 0.204000000E+08 0.890010000E+04
 0.100000000E+02 0.204000000E+08 0.895010000E+04
 0.100000000E+02 0.204000000E+08 0.900010000E+04
 0.100000000E+02 0.204000000E+08 0.905010000E+04
 0.100000000E+02 0.204000000E+08 0.910010000E+04
 0.100000000E+02 0.204000000E+08 0.915010000E+04
 0.100000000E+02 0.204000000E+08 0.920010000E+04
 0.100000000E+02 0.204000000E+08 0.925010000E+04
 0.100000000E+02 0.204000000E+08 0.930010000E+04
 0.100000000E+02 0.204000000E+08 0.935010000E+04
 0.100000000E+02 0.204000000E+08 0.940010000E+04
 0.100000000E+02 0.204000000E+08 0.945010000E+04
 0.100000000E+02 0.204000000E+08 0.950010000E+04
 0.100000000E+02 0.204000000E+08 0.955010000E+04
 0.100000000E+02 0.204000000E+08 0.960010000E+04
 0.100000000E+02 0.204000000E+08 0.965010000E+04
 0.100000000E+02 0.204000000E+08 0.970010000E+04
 0.100000000E+02 0.204000000E+08 0.975010000E+04
 0.100000000E+02 0.204000000E+08 0.980010000E+04
 0.100000000E+02 0.204000000E+08 0.985010000E+04
 0.100000000E+02 0.204000000E+08 0.990010000E+04
 0.100000000E+02 0.204000000E+08 0.995010000E+04
 0.100000000E+02 0.204000000E+08 0.100001000E+05
 0.100000000E+02 0.204000000E+08 0.110001000E+05
 0.100000000E+02 0.204000000E+08 0.120001000E+05
 0.100000000E+02 0.204000000E+08 0.130001000E+05
 0.100000000E+02 0.204000000E+08 0.140001000E+05
 0.100000000E+02 0.204000000E+08 0.150001000E+05
 0.100000000E+02 0.204000000E+08 0.160001000E+05
 0.100000000E+02 0.204000000E+08 0.170001000E+05
 0.100000000E+02 0.204000000E+08 0.180001000E+05
 0.100000000E+02 0.204000000E+08 0.190001000E+05
 0.100000000E+02 0.204000000E+08 0.200001000E+05
 0.100000000E+02 0.204000000E+08 0.210001000E+05
 0.100000000E+02 0.204000000E+08 0.220001000E+05
 0.100000000E+02 0.204000000E+08 0.230001000E+05
 0.100000000E+02 0.204000000E+08 0.240001000E+05
 0.100000000E+02 0.204000000E+08 0.250001000E+05
 0.100000000E+02 0.204000000E+08 0.260001000E+05
 0.100000000E+02 0.204000000E+08 0.270001000E+05
 0.100000000E+02 0.204000000E+08 0.280001000E+05
 0.100000000E+02 0.204000000E+08 0.290001000E+05
 0.100000000E+02 0.204000000E+08 0.300001000E+05
 0.100000000E+02 0.204000000E+08 0.310001000E+05
 0.100000000E+02 0.204000000E+08 0.320001000E+05
 0.100000000E+02 0.204000000E+08 0.330001000E+05
 0.100000000E+02 0.204000000E+08 0.340001000E+05
 0.100000000E+02 0.204000000E+08 0.350001000E+05
 0.100000000E+02 0.204000000E+08 0.360001000E+05
 0.100000000E+02 0.204000000E+08 0.370001000E+05
 0.100000000E+02 0.204000000E+08 0.380001000E+05
 0.100000000E+02 0.204000000E+08 0.390001000E+05
 0.100000000E+02 0.204000000E+08 0.400001000E+05
 0.100000000E+02 0.204000000E+08 0.410001000E+05
 0.100000000E+02 0.204000000E+08 0.420001000E+05
 0.100000000E+02 0.204000000E+08 0.430001000E+05
 0.100000000E+02 0.204000000E+08 0.440001000E+05
 0.100000000E+02 0.204000000E+08 0.450001000E+05
 0.100000000E+02 0.204000000E+08 0.460001000E+05
 0.100000000E+02 0.204000000E+08 0.470001000E+05
 0.100000000E+02 0.204000000E+08 0.480001000E+05
 0.100000000E+02 0.204000000E+08 0.490001000E+05
 0.100000000E+02 0.204000000E+08 0.500001000E+05
 0.100000000E+02 0.204000000E+08 0.510001000E+05
 0.100000000E+02 0.204000000E+08 0.520001000E+05
 0.100000000E+02 0.204000000E+08 0.530001000E+05
 0.100000000E+02 0.204000000E+08 0.540001000E+05
 0.100000000E+02 0.204000000E+08 0.550001000E+05
 0.100000000E+02 0.204000000E+08 0.560001000E+05
 0.100000000E+02 0.204000000E+08 0.570001000E+05
 0.100000000E+02 0.204000000E+08 0.580001000E+05
 0.100000000E+02 0.204000000E+08 0.590001000E+05
 0.100000000E+02 0.204000000E+08 0.600001000E+05
 0.100000000E+02 0.204000000E+08 0.610001000E+05
 0.100000000E+02 0.204000000E+08 0.620001000E+05
 0.100000000E+02 0.204000000E+08 0.630001000E+05
 0.100000000E+02 0.204000000E+08 0.640001000E+05
 0.100000000E+02 0.204000000E+08 0.650001000E+05
 0.100000000E+02 0.204000000E+08 0.660001000E+05
 0.100000000E+02 0.204000000E+08 0.670001000E+05
 0.100000000E+02 0.204000000E+08 0.680001000E+05
 0.100000000E+02 0.204000000E+08 0.690001000E+05
 0.100000000E+02 0.204000000E+08 0.700001000E+05
 0.100000000E+02 0.204000000E+08 0.710001000E+05
 0.100000000E+02 0.204000000E+08 0.720001000E+05
 0.100000000E+02 0.204000000E+08 0.730001000E+05
 0.100000000E+02 0.204000000E+08 0.740001000E+05
 0.100000000E+02 0.204000000E+08 0.750001000E+05
 0.100000000E+02 0.204000000E+08 0.760001000E+05
 0.100000000E+02 0.204000000E+08 0.770001000E+05
 0.100000000E+02 0.204000000E+08 0.780001000E+05
 0.100000000E+02 0.204000000E+08 0.790001000E+05
 0.100000000E+02 0.204000000E+08 0.800001000E+05
 0.100000000E+02 0.204000000E+08 0.810001000E+05
 0.100000000E+02 0.204000000E+08 0.820001000E+05
 0.100000000E+02 0.204000000E+08 0.830001000E+05
 0.100000000E+02 0.204000000E+08 0.840001000E+05
 0.100000000E+02 0.204000000E+08 0.850001000E+05
 0.100000000E+02 0.204000000E+08 0.860001000E+05
 0.100000000E+02 0.204000000E+08 0.870001000E+05
 0.100000000E+02 0.204000000E+08 0.880001000E+05
 0.100000000E+02 0.204000000E+08 0.890001000E+05
 0.100000000E+02 0.204000000E+08 0.900001000E+05
 0.100000000E+02 0.204000000E+08 0.910001000E+05
 0.100000000E+02 0.204000000E+08 0.920001000E+05
 0.100000000E+02 0.170000000E+09 0.930001000E+05
 0.100000000E+02 0.170000000E+09 0.940001000E+05
 0.100000000E+02 0.170000000E+09 0.950001000E+05
 0.100000000E+02 0.170000000E+09 0.960001000E+05
 0.100000000E+02 0.170000000E+09 0.970001000E+05
 0.100000000E+02 0.170000000E+09 0.980001000E+05
 0.100000000E+02 0.170000000E+09 0.990001000E+05
 0.100000000E+02 0.170000000E+09 0.100000100E+06
 0.100000000E+02 0.170000000E+09 0.110000100E+06
 0.100000000E+02 0.170000000E+09 0.120000100E+06
 0.100000000E+02 0.170000000E+09 0.130000100E+06
 0.100000000E+02 0.170000000E+09 0.140000100E+06
 0.100000000E+02 0.170000000E+09 0.150000100E+06
 0.100000000E+02 0.170000000E+09 0.160000100E+06
 0.100000000E+02 0.170000000E+09 0.170000100E+06
 0.100000000E+02 0.170000000E+09 0.180000100E+06
 0.100000000E+02 0.170000000E+09 0.190000100E+06
 0.100000000E+02 0.170000000E+09 0.200000100E+06
 0.100000000E+02 0.170000000E+09 0.210000100E+06
 0.100000000E+02 0.170000000E+09 0.220000100E+06
 0.100000000E+02 0.170000000E+09 0.230000100E+06
 0.100000000E+02 0.170000000E+09 0.240000100E+06
 0.100000000E+02 0.170000000E+09 0.250000100E+06
 0.100000000E+02 0.170000000E+09 0.260000100E+06
 0.100000000E+02 0.170000000E+09 0.270000100E+06
 0.100000000E+02 0.170000000E+09 0.280000100E+06
 0.100000000E+02 0.170000000E+09 0.290000100E+06
 0.100000000E+02 0.170000000E+09 0.300000100E+06
 0.100000000E+02 0.170000000E+09 0.310000100E+06
 0.100000000E+02 0.170000000E+09 0.320000100E+06
 0.100000000E+02 0.170000000E+09 0.330000100E+06
 0.100000000E+02 0.170000000E+09 0.340000100E+06
 0.100000000E+02 0.170000000E+09 0.350000100E+06
 0.100000000E+02 0.170000000E+09 0.360000100E+06
 0.100000000E+02 0.170000000E+09 0.370000100E+06
 0.100000000E+02 0.170000000E+09 0.380000100E+06
 0.100000000E+02 0.170000000E+09 0.390000100E+06
 0.100000000E+02 0.170000000E+09 0.400000100E+06
 0.100000000E+02 0.170000000E+09 0.410000100E+06
 0.100000000E+02 0.170000000E+09 0.420000100E+06
 0.100000000E+02 0.170000000E+09 0.430000100E+06
 0.100000000E+02 0.170000000E+09 0.440000100E+06
 0.100000000E+02 0.170000000E+09 0.450000100E+06
 0.100000000E+02 0.170000000E+09 0.460000100E+06
 0.100000000E+02 0.170000000E+09 0.470000100E+06
 0.100000000E+02 0.170000000E+09 0.480000100E+06
 0.100000000E+02 0.170000000E+09 0.490000100E+06
 0.100000000E+02 0.170000000E+09 0.500000100E+06
 0.100000000E+02 0.170000000E+09 0.510000100E+06
 0.100000000E+02 0.170000000E+09 0.520000100E+06
 0.100000000E+02 0.170000000E+09 0.530000100E+06
 0.100000000E+02 0.170000000E+09 0.540000100E+06
 0.100000000E+02 0.170000000E+09 0.550000100E+06
 0.100000000E+02 0.170000000E+09 0.560000100E+06
 0.100000000E+02 0.170000000E+09 0.570000100E+06
 0.100000000E+02 0.170000000E+09 0.580000100E+06
 0.100000000E+02 0.170000000E+09 0.590000100E+06
 0.100000000E+02 0.170000000E+09 0.600000100E+06
 0.100000000E+02 0.170000000E+09 0.610000100E+06
 0.100000000E+02 0.170000000E+09 0.620000100E+06
 0.100000000E+02 0.170000000E+09 0.630000100E+06
 0.100000000E+02 0.170000000E+09 0.640000100E+06
 0.100000000E+02 0.170000000E+09 0.650000100E+06
 0.100000000E+02 0.170000000E+09 0.660000100E+06
 0.100000000E+02 0.170000000E+09 0.670000100E+06
 0.100000000E+02 0.170000000E+09 0.680000100E+06
 0.100000000E+02 0.170000000E+09 0.690000100E+06
 0.100000000E+02 0.170000000E+09 0.700000100E+06
 0.100000000E+02 0.170000000E+09 0.710000100E+06
 0.100000000E+02 0.170000000E+09 0.720000100E+06
 0.100000000E+02 0.170000000E+09 0.730000100E+06
 0.100000000E+02 0.170000000E+09 0.740000100E+06
 0.100000000E+02 0.170000000E+09 0.750000100E+06
 0.100000000E+02 0.170000000E+09 0.760000100E+06
 0.100000000E+02 0.170000000E+09 0.770000100E+06
 0.100000000E+02 0.170000000E+09 0.780000100E+06
 0.100000000E+02 0.170000000E+09 0.790000100E+06
 0.100000000E+02 0.170000000E+09 0.800000100E+06
 0.100000000E+02 0.170000000E+09 0.810000100E+06
 0.100000000E+02 0.170000000E+09 0.820000100E+06
 0.100000000E+02 0.170000000E+09 0.830000100E+06
 0.100000000E+02 0.170000000E+09 0.840000100E+06
 0.100000000E+02 0.170000000E+09 0.850000100E+06
 0.100000000E+02 0.170000000E+09 0.860000100E+06
 0.100000000E+02 0.170000000E+09 0.870000100E+06
 0.100000000E+02 0.170000000E+09 0.880000100E+06
 0.100000000E+02 0.170000000E+09 0.890000100E+06
 0.100000000E+02 0.170000000E+09 0.900000100E+06
 0.100000000E+02 0.170000000E+09 0.910000100E+06
 0.100000000E+02 0.170000000E+09 0.920000100E+06
 0.100000000E+02 0.170000000E+09 0.930000100E+06
 0.100000000E+02 0.170000000E+09 0.940000100E+06
 0.100000000E+02 0.170000000E+09 0.950000100E+06
 0.100000000E+02 0.170000000E+09 0.960000100E+06
 0.100000000E+02 0.170000000E+09 0.970000100E+06
 0.100000000E+02 0.170000000E+09 0.980000100E+06
 0.100000000E+02 0.170000000E+09 0.990000100E+06
 0.668585245E+04 0.403066160E+06 0.999997800E-01
 0.626353385E+04 0.435050708E+06 0.109999978E+01
 0.586789142E+04 0.469573328E+06 0.209999978E+01
 0.549724015E+04 0.506835424E+06 0.309999978E+01
 0.515000143E+04 0.547054384E+06 0.409999978E+01
 0.482469640E+04 0.590464842E+06 0.509999978E+01
 0.451993960E+04 0.637320055E+06 0.609999978E+01
 0.423443306E+04 0.687893374E+06 0.709999978E+01
 0.396696083E+04 0.742479842E+06 0.809999978E+01
 0.371638375E+04 0.801397916E+06 0.909999978E+01
 0.348163463E+04 0.864991320E+06 0.100999998E+02
 0.326171367E+04 0.933631059E+06 0.110999998E+02
 0.305568424E+04 0.100771757E+07 0.120999998E+02
 0.286266886E+04 0.108768308E+07 0.130999998E+02
 0.268184550E+04 0.117399410E+07 0.140999998E+02
 0.251244403E+04 0.126715417E+07 0.150999998E+02
 0.235374297E+04 0.136770677E+07 0.160999998E+02
 0.220506642E+04 0.147623853E+07 0.170999998E+02
 0.206578118E+04 0.159338263E+07 0.180999998E+02
 0.193529403E+04 0.171982247E+07 0.190999998E+02
 0.181304923E+04 0.185629571E+07 0.200999998E+02
 0.169852615E+04 0.200359852E+07 0.210999998E+02
 0.159123704E+04 0.216259026E+07 0.220999998E+02
 0.149072495E+04 0.233419849E+07 0.230999998E+02
 0.139656180E+04 0.251942437E+07 0.240999998E+02
 0.130834657E+04 0.271934849E+07 0.250999998E+02
 0.122570354E+04 0.293513721E+07 0.260999998E+02
 0.114828074E+04 0.316804943E+07 0.270999998E+02
 0.107574843E+04 0.341944396E+07 0.280999998E+02
 0.100779770E+04 0.369078742E+07 0.290999998E+02
 0.944139141E+03 0.398366282E+07 0.300999998E+02
 0.884501641E+03 0.429977880E+07 0.310999998E+02
 0.828631204E+03 0.464097955E+07 0.320999998E+02
 0.776289879E+03 0.500925564E+07 0.330999998E+02
 0.727254747E+03 0.540675558E+07 0.340999998E+02
 0.681316968E+03 0.583579837E+07 0.350999998E+02
 0.638280895E+03 0.629888703E+07 0.360999998E+02
 0.597963239E+03 0.679872321E+07 0.370999998E+02
 0.560192289E+03 0.733822294E+07 0.380999998E+02
 0.524807179E+03 0.792053364E+07 0.390999998E+02
 0.491657204E+03 0.854905250E+07 0.400999998E+02
 0.460601182E+03 0.922744628E+07 0.410999998E+02
 0.431506844E+03 0.995967270E+07 0.420999998E+02
 0.404250280E+03 0.107500036E+08 0.430999998E+02
 0.378715403E+03 0.116030496E+08 0.440999998E+02
 0.354793463E+03 0.125237875E+08 0.450999998E+02
 0.332382577E+03 0.135175888E+08 0.460999998E+02
 0.311387296E+03 0.145902513E+08 0.470999998E+02
 0.291718204E+03 0.157480329E+08 0.480999998E+02
 0.273291530E+03 0.169976881E+08 0.490999998E+02
 0.256028795E+03 0.183465072E+08 0.500999998E+02
 0.239856478E+03 0.198023593E+08 0.510999998E+02
 0.224705702E+03 0.213737378E+08 0.520999998E+02
 0.210511940E+03 0.230698101E+08 0.530999998E+02
 0.197214741E+03 0.249004709E+08 0.540999998E+02
 0.184757473E+03 0.268764003E+08 0.550999998E+02
 0.173087082E+03 0.290091259E+08 0.560999998E+02
 0.162153862E+03 0.313110898E+08 0.570999998E+02
 0.151911250E+03 0.337957217E+08 0.580999998E+02
 0.142315622E+03 0.364775168E+08 0.590999998E+02
 0.133326113E+03 0.393721206E+08 0.600999998E+02
 0.124904435E+03 0.424964203E+08 0.610999998E+02
 0.117014720E+03 0.458686427E+08 0.620999998E+02
 0.109623367E+03 0.495084615E+08 0.630999998E+02
 0.102698897E+03 0.534371112E+08 0.640999998E+02
 0.962118177E+02 0.576775113E+08 0.650999998E+02
 0.901345013E+02 0.622544003E+08 0.660999998E+02
 0.844410647E+02 0.671944797E+08 0.670999998E+02
 0.791072598E+02 0.725265696E+08 0.680999998E+02
 0.741103700E+02 0.782817774E+08 0.690999998E+02
 0.694291138E+02 0.844936787E+08 0.700999998E+02
 0.650435539E+02 0.911985136E+08 0.710999998E+02
 0.609350123E+02 0.984353979E+08 0.720999998E+02
 0.570859908E+02 0.106246551E+09 0.730999998E+02
 0.534800967E+02 0.114677544E+09 0.740999998E+02
 0.501019725E+02 0.123777562E+09 0.750999998E+02
 0.469372310E+02 0.133599695E+09 0.760999998E+02
 0.439723935E+02 0.144201244E+09 0.770999998E+02
 0.411948329E+02 0.155644059E+09 0.780999998E+02
 0.385927198E+02 0.167994897E+09 0.790999998E+02
 0.361549718E+02 0.181325812E+09 0.800999998E+02
 0.338712066E+02 0.195714576E+09 0.810999998E+02
 0.317316977E+02 0.204000000E+09 0.820999998E+02
 0.297273330E+02 0.204000000E+09 0.830999998E+02
 0.278495761E+02 0.204000000E+09 0.840999998E+02
 0.260904296E+02 0.204000000E+09 0.850999998E+02
 0.244424013E+02 0.204000000E+09 0.860999998E+02
 0.228984724E+02 0.204000000E+09 0.870999998E+02
 0.214520673E+02 0.204000000E+09 0.880999998E+02
 0.200970259E+02 0.204000000E+09 0.890999998E+02
 0.188275770E+02 0.204000000E+09 0.900999998E+02
 0.176383141E+02 0.204000000E+09 0.910999998E+02
 0.165241722E+02 0.204000000E+09 0.920999998E+02
 0.154804062E+02 0.204000000E+09 0.930999998E+02
 0.145025708E+02 0.204000000E+09 0.940999998E+02
 0.135865013E+02 0.204000000E+09 0.950999998E+02
 0.127282962E+02 0.204000000E+09 0.960999998E+02
 0.119243006E+02 0.204000000E+09 0.970999998E+02
 0.111710901E+02 0.204000000E+09 0.980999998E+02
 0.104654570E+02 0.204000000E+09 0.990999998E+02
 0.100000000E+02 0.204000000E+09 0.100100000E+03
 0.100000000E+02 0.204000000E+09 0.110100000E+03
 0.100000000E+02 0.204000000E+09 0.120100000E+03
 0.100000000E+02 0.204000000E+09 0.130100000E+03
 0.100000000E+02 0.204000000E+09 0.140100000E+03
 0.100000000E+02 0.204000000E+09 0.150100000E+03
 0.100000000E+02 0.204000000E+09 0.160100000E+03
 0.100000000E+02 0.204000000E+09 0.170100000E+03
 0.100000000E+02 0.204000000E+09 0.180100000E+03
 0.100000000E+02 0.204000000E+09 0.190100000E+03
 0.100000000E+02 0.204000000E+09 0.200100000E+03
 0.100000000E+02 0.204000000E+09 0.210100000E+03
 0.100000000E+02 0.204000000E+09 0.220100000E+03
 0.100000000E+02 0.204000000E+09 0.230100000E+03
 0.100000000E+02 0.204000000E+09 0.240100000E+03
 0.100000000E+02 0.204000000E+09 0.250100000E+03
 0.100000000E+02 0.204000000E+09 0.260100000E+03
 0.100000000E+02 0.204000000E+09 0.270100000E+03
 0.100000000E+02 0.204000000E+09 0.280100000E+03
 0.100000000E+02 0.204000000E+09 0.290100000E+03
 0.100000000E+02 0.204000000E+09 0.300100000E+03
 0.100000000E+02 0.204000000E+09 0.310100000E+03
 0.100000000E+02 0.204000000E+09 0.320100000E+03
 0.100000000E+02 0.204000000E+09 0.330100000E+03
 0.100000000E+02 0.204000000E+09 0.340100000E+03
 0.100000000E+02 0.204000000E+09 0.350100000E+03
 0.100000000E+02 0.204000000E+09 0.360100000E+03
 0.100000000E+02 0.204000000E+09 0.370100000E+03
 0.100000000E+02 0.204000000E+09 0.380100000E+03
 0.100000000E+02 0.204000000E+09 0.390100000E+03
 0.100000000E+02 0.204000000E+09 0.400100000E+03
 0.100000000E+02 0.204000000E+09 0.410100000E+03
 0.100000000E+02 0.204000000E+09 0.420100000E+03
 0.100000000E+02 0.204000000E+09 0.430100000E+03
 0.100000000E+02 0.204000000E+09 0.440100000E+03
 0.100000000E+02 0.204000000E+09 0.450100000E+03
 0.100000000E+02 0.204000000E+09 0.460100000E+03
 0.100000000E+02 0.204000000E+09 0.470100000E+03
 0.100000000E+02 0.204000000E+09 0.480100000E+03
 0.100000000E+02 0.204000000E+09 0.490100000E+03
 0.100000000E+02 0.204000000E+09 0.500100000E+03
 0.100000000E+02 0.204000000E+09 0.510100000E+03
 0.100000000E+02 0.204000000E+09 0.520100000E+03
 0.100000000E+02 0.204000000E+09 0.530100000E+03
 0.100000000E+02 0.204000000E+09 0.540100000E+03
 0.100000000E+02 0.204000000E+09 0.550100000E+03
 0.100000000E+02 0.204000000E+09 0.560100000E+03
 0.100000000E+02 0.204000000E+09 0.570100000E+03
 0.100000000E+02 0.204000000E+09 0.580100000E+03
 0.100000000E+02 0.204000000E+09 0.590100000E+03
 0.100000000E+02 0.204000000E+09 0.600100000E+03
 0.100000000E+02 0.204000000E+09 0.610100000E+03
 0.100000000E+02 0.204000000E+09 0.620100000E+03
 0.100000000E+02 0.204000000E+09 0.630100000E+03
 0.100000000E+02 0.204000000E+09 0.640100000E+03
 0.100000000E+02 0.204000000E+09 0.650100000E+03
 0.100000000E+02 0.204000000E+09 0.660100000E+03
 0.100000000E+02 0.204000000E+09 0.670100000E+03
 0.100000000E+02 0.204000000E+09 0.680100000E+03
 0.100000000E+02 0.204000000E+09 0.690100000E+03
 0.100000000E+02 0.204000000E+09 0.700100000E+03
 0.100000000E+02 0.204000000E+09 0.710100000E+03
 0.100000000E+02 0.204000000E+09 0.720100000E+03
 0.100000000E+02 0.204000000E+09 0.730100000E+03
 0.100000000E+02 0.204000000E+09 0.740100000E+03
 0.100000000E+02 0.204000000E+09 0.750100000E+03
 0.100000000E+02 0.204000000E+09 0.760100000E+03
 0.100000000E+02 0.204000000E+09 0.770100000E+03
 0.100000000E+02 0.204000000E+09 0.780100000E+03
 0.100000000E+02 0.204000000E+09 0.790100000E+03
 0.100000000E+02 0.204000000E+09 0.800100000E+03
 0.100000000E+02 0.204000000E+09 0.810100000E+03
 0.100000000E+02 0.204000000E+09 0.820100000E+03
 0.100000000E+02 0.204000000E+09 0.830100000E+03
 0.100000000E+02 0.204000000E+09 0.840100000E+03
 0.100000000E+02 0.204000000E+09 0.850100000E+03
 0.100000000E+02 0.204000000E+09 0.860100000E+03
 0.100000000E+02 0.204000000E+09 0.870100000E+03
 0.100000000E+02 0.204000000E+09 0.880100000E+03
 0.100000000E+02 0.204000000E+09 0.890100000E+03
 0.100000000E+02 0.204000000E+09 0.900100000E+03
 0.100000000E+02 0.204000000E+09 0.910100000E+03
 0.100000000E+02 0.204000000E+09 0.920100000E+03
 0.100000000E+02 0.204000000E+09 0.930100000E+03
 0.100000000E+02 0.204000000E+09 0.940100000E+03
 0.100000000E+02 0.204000000E+09 0.950100000E+03
 0.100000000E+02 0.204000000E+09 0.960100000E+03
 0.100000000E+02 0.204000000E+09 0.970100000E+03
 0.100000000E+02 0.204000000E+09 0.980100000E+03
 0.100000000E+02 0.204000000E+09 0.990100000E+03
 0.100000000E+02 0.204000000E+09 0.100010000E+04
 0.100000000E+02 0.204000000E+09 0.105010000E+04
 0.100000000E+02 0.204000000E+09 0.110010000E+04
 0.100000000E+02 0.204000000E+09 0.115010000E+04
 0.100000000E+02 0.204000000E+09 0.120010000E+04
 0.100000000E+02 0.204000000E+09 0.125010000E+04
 0.100000000E+02 0.204000000E+09 0.130010000E+04
 0.100000000E+02 0.204000000E+09 0.135010000E+04
 0.100000000E+02 0.204000000E+09 0.140010000E+04
 0.100000000E+02 0.204000000E+09 0.145010000E+04
 0.100000000E+02 0.204000000E+09 0.150010000E+04
 0.100000000E+02 0.204000000E+09 0.155010000E+04
 0.100000000E+02 0.204000000E+09 0.160010000E+04
 0.100000000E+02 0.204000000E+09 0.165010000E+04
 0.100000000E+02 0.204000000E+09 0.170010000E+04
 0.100000000E+02 0.204000000E+09 0.175010000E+04
 0.100000000E+02 0.204000000E+09 0.180010000E+04
 0.100000000E+02 0.204000000E+09 0.185010000E+04
 0.100000000E+02 0.204000000E+09 0.190010000E+04
 0.100000000E+02 0.204000000E+09 0.195010000E+04
 0.100000000E+02 0.204000000E+09 0.200010000E+04
 0.100000000E+02 0.204000000E+09 0.205010000E+04
 0.100000000E+02 0.204000000E+09 0.210010000E+04
 0.100000000E+02 0.204000000E+09 0.215010000E+04
 0.100000000E+02 0.204000000E+09 0.220010000E+04
 0.100000000E+02 0.204000000E+09 0.225010000E+04
 0.100000000E+02 0.204000000E+09 0.230010000E+04
 0.100000000E+02 0.204000000E+09 0.235010000E+04
 0.100000000E+02 0.204000000E+09 0.240010000E+04
 0.100000000E+02 0.204000000E+09 0.245010000E+04
 0.100000000E+02 0.204000000E+09 0.250010000E+04
 0.100000000E+02 0.204000000E+09 0.255010000E+04
 0.100000000E+02 0.204000000E+09 0.260010000E+04
 0.100000000E+02 0.204000000E+09 0.265010000E+04
 0.100000000E+02 0.204000000E+09 0.270010000E+04
 0.100000000E+02 0.204000000E+09 0.275010000E+04
 0.100000000E+02 0.204000000E+09 0.280010000E+04
 0.100000000E+02 0.204000000E+09 0.285010000E+04
 0.100000000E+02 0.204000000E+09 0.290010000E+04
 0.100000000E+02 0.204000000E+09 0.295010000E+04
 0.100000000E+02 0.204000000E+09 0.300010000E+04
 0.100000000E+02 0.204000000E+09 0.305010000E+04
 0.100000000E+02 0.204000000E+09 0.310010000E+04
 0.100000000E+02 0.204000000E+09 0.315010000E+04
 0.100000000E+02 0.204000000E+09 0.320010000E+04
 0.100000000E+02 0.204000000E+09 0.325010000E+04
 0.100000000E+02 0.204000000E+09 0.330010000E+04
 0.100000000E+02 0.204000000E+09 0.335010000E+04
 0.100000000E+02 0.204000000E+09 0.340010000E+04
 0.100000000E+02 0.204000000E+09 0.345010000E+04
 0.100000000E+02 0.204000000E+09 0.350010000E+04
 0.100000000E+02 0.204000000E+09 0.355010000E+04
 0.100000000E+02 0.204000000E+09 0.360010000E+04
 0.100000000E+02 0.204000000E+09 0.365010000E+04
 0.100000000E+02 0.204000000E+09 0.370010000E+04
 0.100000000E+02 0.204000000E+09 0.375010000E+04
 0.100000000E+02 0.204000000E+09 0.380010000E+04
 0.100000000E+02 0.204000000E+09 0.385010000E+04
 0.100000000E+02 0.204000000E+09 0.390010000E+04
 0.100000000E+02 0.204000000E+09 0.395010000E+04
 0.100000000E+02 0.204000000E+09 0.400010000E+04
 0.100000000E+02 0.204000000E+09 0.405010000E+04
 0.100000000E+02 0.204000000E+09 0.410010000E+04
 0.100000000E+02 0.204000000E+09 0.415010000E+04
 0.100000000E+02 0.204000000E+09 0.420010000E+04
 0.100000000E+02 0.204000000E+09 0.425010000E+04
 0.100000000E+02 0.204000000E+09 0.430010000E+04
 0.100000000E+02 0.204000000E+09 0.435010000E+04
 0.100000000E+02 0.204000000E+09 0.440010000E+04
 0.100000000E+02 0.204000000E+09 0.445010000E+04
 0.100000000E+02 0.204000000E+09 0.450010000E+04
 0.100000000E+02 0.204000000E+09 0.455010000E+04
 0.100000000E+02 0.204000000E+09 0.460010000E+04
 0.100000000E+02 0.204000000E+09 0.465010000E+04
 0.100000000E+02 0.204000000E+09 0.470010000E+04
 0.100000000E+02 0.204000000E+09 0.475010000E+04
 0.100000000E+02 0.204000000E+09 0.480010000E+04
 0.100000000E+02 0.204000000E+09 0.485010000E+04
 0.100000000E+02 0.204000000E+09 0.490010000E+04
 0.100000000E+02 0.204000000E+09 0.495010000E+04
 0.100000000E+02 0.204000000E+09 0.500010000E+04
 0.100000000E+02 0.204000000E+09 0.505010000E+04
 0.100000000E+02 0.204000000E+09 0.510010000E+04
 0.100000000E+02 0.204000000E+09 0.515010000E+04
 0.100000000E+02 0.204000000E+09 0.520010000E+04
 0.100000000E+02 0.204000000E+09 0.525010000E+04
 0.100000000E+02 0.204000000E+09 0.530010000E+04
 0.100000000E+02 0.204000000E+09 0.535010000E+04
 0.100000000E+02 0.204000000E+09 0.540010000E+04
 0.100000000E+02 0.204000000E+09 0.545010000E+04
 0.100000000E+02 0.204000000E+09 0.550010000E+04
 0.100000000E+02 0.204000000E+09 0.555010000E+04
 0.100000000E+02 0.204000000E+09 0.560010000E+04
 0.100000000E+02 0.204000000E+09 0.565010000E+04
 0.100000000E+02 0.204000000E+09 0.570010000E+04
 0.100000000E+02 0.204000000E+09 0.575010000E+04
 0.100000000E+02 0.204000000E+09 0.580010000E+04
 0.100000000E+02 0.204000000E+09 0.585010000E+04
 0.100000000E+02 0.204000000E+09 0.590010000E+04
 0.100000000E+02 0.204000000E+09 0.595010000E+04
 0.100000000E+02 0.204000000E+09 0.600010000E+04
 0.100000000E+02 0.204000000E+09 0.605010000E+04
 0.100000000E+02 0.204000000E+09 0.610010000E+04
 0.100000000E+02 0.204000000E+09 0.615010000E+04
 0.100000000E+02 0.204000000E+09 0.620010000E+04
 0.100000000E+02 0.204000000E+09 0.625010000E+04
 0.100000000E+02 0.204000000E+09 0.630010000E+04
 0.100000000E+02 0.204000000E+09 0.635010000E+04
 0.100000000E+02 0.204000000E+09 0.640010000E+04
 0.100000000E+02 0.204000000E+09 0.645010000E+04
 0.100000000E+02 0.204000000E+09 0.650010000E+04
 0.100000000E+02 0.204000000E+09 0.655010000E+04
 0.100000000E+02 0.204000000E+09 0.660010000E+04
 0.100000000E+02 0.204000000E+09 0.665010000E+04
 0.100000000E+02 0.204000000E+09 0.670010000E+04
 0.100000000E+02 0.204000000E+09 0.675010000E+04
 0.100000000E+02 0.204000000E+09 0.680010000E+04
 0.100000000E+02 0.204000000E+09 0.685010000E+04
 0.100000000E+02 0.204000000E+09 0.690010000E+04
 0.100000000E+02 0.204000000E+09 0.695010000E+04
 0.100000000E+02 0.204000000E+09 0.700010000E+04
 0.100000000E+02 0.204000000E+09 0.705010000E+04
 0.100000000E+02 0.204000000E+09 0.710010000E+04
 0.100000000E+02 0.204000000E+09 0.715010000E+04
 0.100000000E+02 0.204000000E+09 0.720010000E+04
 0.100000000E+02 0.204000000E+09 0.725010000E+04
 0.100000000E+02 0.204000000E+09 0.730010000E+04
 0.100000000E+02 0.204000000E+09 0.735010000E+04
 0.100000000E+02 0.204000000E+09 0.740010000E+04
 0.100000000E+02 0.204000000E+09 0.745010000E+04
 0.100000000E+02 0.204000000E+09 0.750010000E+04
 0.100000000E+02 0.204000000E+09 0.755010000E+04
 0.100000000E+02 0.204000000E+09 0.760010000E+04
 0.100000000E+02 0.204000000E+09 0.765010000E+04
 0.100000000E+02 0.204000000E+09 0.770010000E+04
 0.100000000E+02 0.204000000E+09 0.775010000E+04
 0.100000000E+02 0.204000000E+09 0.780010000E+04
 0.100000000E+02 0.204000000E+09 0.785010000E+04
 0.100000000E+02 0.204000000E+09 0.790010000E+04
 0.100000000E+02 0.204000000E+09 0.795010000E+04
 0.100000000E+02 0.204000000E+09 0.800010000E+04
 0.100000000E+02 0.204000000E+09 0.805010000E+04
 0.100000000E+02 0.204000000E+09 0.810010000E+04
 0.100000000E+02 0.204000000E+09 0.815010000E+04
 0.100000000E+02 0.204000000E+09 0.820010000E+04
 0.100000000E+02 0.204000000E+09 0.825010000E+04
 0.100000000E+02 0.204000000E+09 0.830010000E+04
 0.100000000E+02 0.204000000E+09 0.835010000E+04
 0.100000000E+02 0.204000000E+09 0.840010000E+04
 0.100000000E+02 0.204000000E+09 0.845010000E+04
 0.100000000E+02 0.204000000E+09 0.850010000E+04
 0.100000000E+02 0.204000000E+09 0.855010000E+04
 0.100000000E+02 0.204000000E+09 0.860010000E+04
 0.100000000E+02 0.204000000E+09 0.865010000E+04
 0.100000000E+02 0.204000000E+09 0.870010000E+04
 0.100000000E+02 0.204000000E+09 0.875010000E+04
 0.100000000E+02 0.204000000E+09 0.880010000E+04
 0.100000000E+02 0.204000000E+09 0.885010000E+04
 0.100000000E+02 0.204000000E+09 0.890010000E+04
 0.100000000E+02 0.204000000E+09 0.895010000E+04
 0.100000000E+02 0.204000000E+09 0.900010000E+04
 0.100000000E+02 0.204000000E+09 0.905010000E+04
 0.100000000E+02 0.204000000E+09 0.910010000E+04
 0.100000000E+02 0.204000000E+09 0.915010000E+04
 0.100000000E+02 0.204000000E+09 0.920010000E+04
 0.100000000E+02 0.204000000E+09 0.925010000E+04
 0.100000000E+02 0.204000000E+09 0.930010000E+04
 0.100000000E+02 0.204000000E+09 0.935010000E+04
 0.100000000E+02 0.204000000E+09 0.940010000E+04
 0.100000000E+02 0.204000000E+09 0.945010000E+04
 0.100000000E+02 0.204000000E+09 0.950010000E+04
 0.100000000E+02 0.204000000E+09 0.955010000E+04
 0.100000000E+02 0.204000000E+09 0.960010000E+04
 0.100000000E+02 0.204000000E+09 0.965010000E+04
 0.100000000E+02 0.204000000E+09 0.970010000E+04
 0.100000000E+02 0.204000000E+09 0.975010000E+04
 0.100000000E+02 0.204000000E+09 0.980010000E+04
 0.100000000E+02 0.204000000E+09 0.985010000E+04
 0.100000000E+02 0.204000000E+09 0.990010000E+04
 0.100000000E+02 0.204000000E+09 0.995010000E+04
 0.100000000E+02 0.204000000E+09 0.100001000E+05
 0.100000000E+02 0.204000000E+09 0.110001000E+05
 0.100000000E+02 0.204000000E+09 0.120001000E+05
 0.100000000E+02 0.204000000E+09 0.130001000E+05
 0.100000000E+02 0.204000000E+09 0.140001000E+05
 0.100000000E+02 0.204000000E+09 0.150001000E+05
 0.100000000E+02 0.204000000E+09 0.160001000E+05
 0.100000000E+02 0.204000000E+09 0.170001000E+05
 0.100000000E+02 0.204000000E+09 0.180001000E+05
 0.100000000E+02 0.204000000E+09 0.190001000E+05
 0.100000000E+02 0.204000000E+09 0.200001000E+05
 0.100000000E+02 0.204000000E+09 0.210001000E+05
 0.100000000E+02 0.204000000E+09 0.220001000E+05
 0.100000000E+02 0.204000000E+09 0.230001000E+05
 0.100000000E+02 0.204000000E+09 0.240001000E+05
 0.100000000E+02 0.204000000E+09 0.250001000E+05
 0.100000000E+02 0.204000000E+09 0.260001000E+05
 0.100000000E+02 0.204000000E+09 0.270001000E+05
 0.100000000E+02 0.204000000E+09 0.280001000E+05
 0.100000000E+02 0.204000000E+09 0.290001000E+05
 0.100000000E+02 0.204000000E+09 0.300001000E+05
 0.100000000E+02 0.204000000E+09 0.310001000E+05
 0.100000000E+02 0.204000000E+09 0.320001000E+05
 0.100000000E+02 0.204000000E+09 0.330001000E+05
 0.100000000E+02 0.204000000E+09 0.340001000E+05
 0.100000000E+02 0.204000000E+09 0.350001000E+05
 0.100000000E+02 0.204000000E+09 0.360001000E+05
 0.100000000E+02 0.204000000E+09 0.370001000E+05
 0.100000000E+02 0.204000000E+09 0.380001000E+05
 0.100000000E+02 0.204000000E+09 0.390001000E+05
 0.100000000E+02 0.204000000E+09 0.400001000E+05
 0.100000000E+02 0.204000000E+09 0.410001000E+05
 0.100000000E+02 0.204000000E+09 0.420001000E+05
 0.100000000E+02 0.204000000E+09 0.430001000E+05
